extendedZolof model camera
cam0
O 0 	 313.19555176223423 
O 1 	 -15.230660625168532 
O 2 	 1114.8324688304274 
A 0 0 	 315.3071445267625 
A 0 1 	 1997.853704155888 
A 1 0 	 6.344808950633827 
A 1 1 	 0.014028304779094065 
A 2 0 	 0.23822838182923983 
A 2 1 	 -6.827180612746435 
A 3 0 	 -1.7501025282990776 
A 3 1 	 -0.07003348970054615 
A 4 0 	 0.0017491320733160507 
A 4 1 	 -9.420444472943555e-05 
A 5 0 	 -2.342880951647459e-05 
A 5 1 	 0.0013494604175586463 
A 6 0 	 -0.001078953128668427 
A 6 1 	 -1.3606610724735498e-05 
A 7 0 	 -0.0012397361311102966 
A 7 1 	 -0.0018636695232303114 
A 8 0 	 0.0005332453682361721 
A 8 1 	 -0.0055381900768107836 
A 9 0 	 0.004661267313491245 
A 9 1 	 -0.00023060258918096278 
A 10 0 	 -2.0780192189258645e-06 
A 10 1 	 -2.399155030567037e-06 
A 11 0 	 -7.416883338826321e-08 
A 11 1 	 7.467385355713175e-07 
A 12 0 	 2.9529705085414443e-06 
A 12 1 	 -5.7004756234546e-07 
A 13 0 	 -5.694298424807369e-07 
A 13 1 	 1.8095945122989236e-07 
A 14 0 	 4.216094060323779e-07 
A 14 1 	 -3.136084788179707e-06 
A 15 0 	 2.676943743086988e-06 
A 15 1 	 3.958455359558369e-08 
A 16 0 	 1.4584236482003466e-07 
A 16 1 	 2.246422597434158e-06 
B 0 0 	 -0.31033888211569644 
B 0 1 	 0.2721243539463015 
B 0 2 	 -0.9105427868098581 
B 1 0 	 0.00012877611406399242 
B 1 1 	 -3.6765903809837944e-07 
B 1 2 	 -4.454919347304019e-05 
B 2 0 	 -4.746096365265373e-06 
B 2 1 	 -0.00012914762884415855 
B 2 2 	 -3.763334406684727e-05 
B 3 0 	 1.9661744187336877e-09 
B 3 1 	 -1.2836838001702127e-09 
B 3 2 	 9.645209458228362e-09 
B 4 0 	 2.4589744248108817e-09 
B 4 1 	 -2.2311126294968675e-09 
B 4 2 	 9.13353053760565e-09 
B 5 0 	 -3.0484149659737225e-10 
B 5 1 	 6.713230520101166e-10 
B 5 2 	 1.944541773474158e-09 
B 6 0 	 1.2051314626963353e-13 
B 6 1 	 7.249234970393345e-13 
B 6 2 	 -2.1999246308790836e-13 
B 7 0 	 -8.327728078582968e-13 
B 7 1 	 -1.0717095696685807e-13 
B 7 2 	 -2.1071999652839033e-13 
B 8 0 	 -8.077248589157325e-13 
B 8 1 	 -1.3124600198649538e-13 
B 8 2 	 -2.071333172305144e-13 
B 9 0 	 4.063830667300717e-15 
B 9 1 	 9.556725014434465e-13 
B 9 2 	 -1.3887347532375842e-13 
