extendedZolof model camera
cam1
O 0 	 -18.61168904712636 
O 1 	 283.6654236094575 
O 2 	 1101.141471730665 
A 0 0 	 412.35200543419273 
A 0 1 	 1987.3890070938412 
A 1 0 	 6.9046707142846735 
A 1 1 	 -0.3554341528076615 
A 2 0 	 -0.18882747531958022 
A 2 1 	 -6.471740493243993 
A 3 0 	 0.15394712445322667 
A 3 1 	 1.6539978644966253 
A 4 0 	 -0.001339114207880111 
A 4 1 	 2.6002691626672762e-05 
A 5 0 	 2.4056546676768007e-05 
A 5 1 	 -0.0018684485792278415 
A 6 0 	 8.266391618168064e-05 
A 6 1 	 0.0010509404935679862 
A 7 0 	 0.001989400164133386 
A 7 1 	 0.0011273882559987478 
A 8 0 	 6.105125544119041e-07 
A 8 1 	 -0.00491691659296926 
A 9 0 	 0.005706548567926727 
A 9 1 	 -0.000676345356339828 
A 10 0 	 2.629017528067637e-06 
A 10 1 	 2.0044902188729178e-06 
A 11 0 	 -4.394773193503017e-08 
A 11 1 	 7.056772767220232e-07 
A 12 0 	 3.322230626520293e-06 
A 12 1 	 -4.2058535719455894e-07 
A 13 0 	 -6.667892458548109e-07 
A 13 1 	 2.41018017569179e-07 
A 14 0 	 4.673065400497035e-07 
A 14 1 	 -3.2271408303561126e-06 
A 15 0 	 -2.328368086690819e-06 
A 15 1 	 -6.784949515356474e-08 
A 16 0 	 -9.816741011239896e-08 
A 16 1 	 -2.706277482381807e-06 
B 0 0 	 -0.026784044811974175 
B 0 1 	 -4.8801741484454764e-05 
B 0 2 	 -0.999512397715191 
B 1 0 	 0.00011957653068249785 
B 1 1 	 -2.310592525849103e-07 
B 1 2 	 -3.628765788158168e-06 
B 2 0 	 -4.2028437612096394e-06 
B 2 1 	 -0.00011955141688540655 
B 2 2 	 -1.4821922641249177e-07 
B 3 0 	 3.744380602843885e-09 
B 3 1 	 7.358779358173981e-10 
B 3 2 	 7.602019005420095e-09 
B 4 0 	 -1.1002787327919972e-10 
B 4 1 	 -3.938092873213256e-09 
B 4 2 	 7.52293071331507e-09 
B 5 0 	 4.1146826598817475e-09 
B 5 1 	 -3.5676032527628967e-09 
B 5 2 	 -2.822203256420358e-10 
B 6 0 	 6.669527069181263e-14 
B 6 1 	 7.884319952210539e-13 
B 6 2 	 3.035416376199882e-13 
B 7 0 	 -7.518665415415009e-13 
B 7 1 	 -1.238763178313561e-13 
B 7 2 	 1.8113393625075576e-13 
B 8 0 	 -8.406489523081286e-13 
B 8 1 	 -1.1908928286616765e-13 
B 8 2 	 1.320637494330903e-13 
B 9 0 	 -3.2821988684234486e-14 
B 9 1 	 8.232755764559241e-13 
B 9 2 	 2.5238834700600403e-13 
