extendedZolof model camera
cam2
O 0 	 334.26668289879126 
O 1 	 306.27124966527305 
O 2 	 1364.6821744846902 
A 0 0 	 673.0213980047354 
A 0 1 	 1649.0514601929951 
A 1 0 	 5.048010662952186 
A 1 1 	 0.2098142076866872 
A 2 0 	 -0.13621283221775002 
A 2 1 	 -5.0937739923535394 
A 3 0 	 -1.1036899068892236 
A 3 1 	 1.0043305133635585 
A 4 0 	 0.0008378603741840229 
A 4 1 	 3.0286286397454652e-05 
A 5 0 	 -6.025430457586418e-05 
A 5 1 	 -0.000738802363713002 
A 6 0 	 -0.0010481585556274525 
A 6 1 	 0.0009944424702366215 
A 7 0 	 0.0007766513059031639 
A 7 1 	 -0.0008922446399192429 
A 8 0 	 -0.000546784418608028 
A 8 1 	 -0.0024658241426400575 
A 9 0 	 0.002335608143331143 
A 9 1 	 0.0005146246104131696 
A 10 0 	 2.1587867654976494e-06 
A 10 1 	 -2.621148608316829e-06 
A 11 0 	 -2.158473416444774e-07 
A 11 1 	 -4.5847968550839276e-07 
A 12 0 	 3.06853630134491e-06 
A 12 1 	 5.561373169826891e-07 
A 13 0 	 5.288878658584782e-07 
A 13 1 	 2.428403306497984e-07 
A 14 0 	 -5.590003723666079e-07 
A 14 1 	 -3.2306849699142847e-06 
A 15 0 	 2.8225367742746948e-06 
A 15 1 	 -7.870525766064971e-08 
A 16 0 	 1.5819228950708316e-07 
A 16 1 	 -2.3610189517308905e-06 
B 0 0 	 -0.31672304413247365 
B 0 1 	 0.004328625280779011 
B 0 2 	 -0.9481224162570413 
B 1 0 	 0.0001252584358832003 
B 1 1 	 -3.255902978874951e-06 
B 1 2 	 -4.279076431743953e-05 
B 2 0 	 -7.6254027509991405e-06 
B 2 1 	 -0.0001279054604461907 
B 2 2 	 1.1085802508231953e-06 
B 3 0 	 2.7003922058889208e-09 
B 3 1 	 4.045785670299136e-10 
B 3 2 	 9.244717627317379e-09 
B 4 0 	 3.065520271316857e-09 
B 4 1 	 -3.586733848743049e-09 
B 4 2 	 8.473905259507279e-09 
B 5 0 	 4.353466367370485e-09 
B 5 1 	 -8.678048103297796e-11 
B 5 2 	 -1.0938524092998235e-09 
B 6 0 	 -2.417730369226078e-13 
B 6 1 	 7.364124353473004e-13 
B 6 2 	 2.492669308674795e-13 
B 7 0 	 -8.185520094472198e-13 
B 7 1 	 1.8185651629776126e-13 
B 7 2 	 -2.1084236652003766e-13 
B 8 0 	 -8.392626789318393e-13 
B 8 1 	 1.6548190734360838e-14 
B 8 2 	 -1.6624024070593846e-13 
B 9 0 	 -2.036488977174819e-13 
B 9 1 	 8.737481036024258e-13 
B 9 2 	 1.6044684394049573e-13 
