extendedZolof model camera
cam3
O 0 	 -22.619887656196887 
O 1 	 -8.097185744566497 
O 2 	 1125.4894221920752 
A 0 0 	 444.486893002386 
A 0 1 	 1986.1701902496682 
A 1 0 	 7.3470874123046155 
A 1 1 	 -0.1637562559548738 
A 2 0 	 -0.03583969348176959 
A 2 1 	 -7.346103231726375 
A 3 0 	 0.17860631873161048 
A 3 1 	 -0.0651719341700405 
A 4 0 	 -0.0014922980760005075 
A 4 1 	 -6.304068731438873e-05 
A 5 0 	 8.930788274368736e-05 
A 5 1 	 0.0013878992666440436 
A 6 0 	 0.00021053516681401857 
A 6 1 	 -0.00011882644944219511 
A 7 0 	 -0.0013268418358203993 
A 7 1 	 0.001414942632100917 
A 8 0 	 -0.00015330586975562067 
A 8 1 	 -0.006242958948224465 
A 9 0 	 0.006235287129985245 
A 9 1 	 -0.00013963188317507976 
A 10 0 	 -1.9475480394751278e-06 
A 10 1 	 2.2038528613305247e-06 
A 11 0 	 -3.6240193467490727e-07 
A 11 1 	 -2.0240541295446839e-07 
A 12 0 	 3.2210007017040115e-06 
A 12 1 	 3.0595225679139505e-07 
A 13 0 	 3.636259569094726e-07 
A 13 1 	 3.924109842935419e-07 
A 14 0 	 -4.511913016637574e-07 
A 14 1 	 -3.21227026825657e-06 
A 15 0 	 -2.3511412758153134e-06 
A 15 1 	 1.6080979266027855e-07 
A 16 0 	 -1.2799960594938868e-07 
A 16 1 	 2.188177968873685e-06 
B 0 0 	 -0.03487197525589696 
B 0 1 	 0.25071535352298957 
B 0 2 	 -0.9670318203845555 
B 1 0 	 0.00012116897257744515 
B 1 1 	 5.028929199094135e-06 
B 1 2 	 -3.980872634468184e-06 
B 2 0 	 7.444530959231398e-07 
B 2 1 	 -0.00012132553912312083 
B 2 2 	 -3.2272759710303434e-05 
B 3 0 	 3.854836342059401e-09 
B 3 1 	 -1.811829456743838e-09 
B 3 2 	 7.840208540119715e-09 
B 4 0 	 3.480572229128024e-10 
B 4 1 	 -1.9661754208685473e-09 
B 4 2 	 8.37655366975834e-09 
B 5 0 	 1.164498362645779e-10 
B 5 1 	 -3.876991724725663e-09 
B 5 2 	 -5.513498172305541e-10 
B 6 0 	 -1.955957888035807e-13 
B 6 1 	 6.247980985521717e-13 
B 6 2 	 -2.0273016261536285e-13 
B 7 0 	 -6.721699968885604e-13 
B 7 1 	 2.0085677294650292e-13 
B 7 2 	 1.924047503615356e-13 
B 8 0 	 -7.590525839357971e-13 
B 8 1 	 1.900848935928476e-14 
B 8 2 	 1.2378087510404942e-13 
B 9 0 	 -1.4804098303407384e-13 
B 9 1 	 7.659493497578265e-13 
B 9 2 	 -1.5815478139307351e-13 
