2.098896273133098930e+03
4.241103796208132298e-02
1.407092286028506153e-02
-6.994255288280308847e+00
-1.196390766907772343e-04
-2.244022308108854162e-04
2.356253739947753291e-04
-1.952299000136253210e-03
6.018624644891858860e-03
5.169407502111332882e-08
5.927723061703148013e-07
-3.771204385726145667e-08
-6.206527145198984871e-07
2.508828191119906304e-06
1.763610945262059541e-07
-3.441843011204599622e-06
1.402890992222364771e-03
7.364893886734417001e-07
-2.366291686725194692e-06
