1.634586566989647451e+02
6.448473059522707551e+00
2.043333112180036437e+00
2.744871562018349476e-01
1.757400833594518607e-03
-1.739710338652212607e-03
-5.017230763628081035e-03
-1.274093629482605594e-03
-6.228697093682561544e-04
1.618121971634548793e-07
1.100309379732050456e-06
-2.781791643600817894e-06
3.254022926234282580e-06
2.199231958891906359e-06
-5.789499659719505719e-07
4.620007919807677418e-07
-2.096750426165101480e-05
-8.736438977184785001e-08
-1.298506932459554854e-07
