4.105449431956371882e+02 1.986398674989975007e+03
5.136455406613104060e+02 1.981379455107242620e+03
6.162370826984131327e+02 1.976303448283129910e+03
7.182952052371596210e+02 1.971181186507490338e+03
8.198015086625255208e+02 1.966019933982380735e+03
9.207414160611197076e+02 1.960824660280733497e+03
1.021102716952674655e+03 1.955598799899898040e+03
1.120874636088543866e+03 1.950344826043720332e+03
1.220047288527223373e+03 1.945064663582706999e+03
1.318611401486054547e+03 1.939759963526308638e+03
1.416558252024748072e+03 1.934432342747552866e+03
1.513879431300887063e+03 1.929083106611305084e+03
1.610567102804968727e+03 1.923713714861380595e+03
1.706613724265831934e+03 1.918325353157339123e+03
1.802011895214384367e+03 1.912918856199269840e+03
1.896754009090289856e+03 1.907494502260827176e+03
1.990831722525213536e+03 1.902051770520754417e+03
2.084235215991740461e+03 1.896589069869264677e+03
2.176952226411975516e+03 1.891103446825233277e+03
4.075221888547326898e+02 1.889318729181357412e+03
5.111124262207569018e+02 1.884529465358369634e+03
6.141806442393192356e+02 1.879694295521056347e+03
7.167051771186568203e+02 1.874821333743425384e+03
8.186695464758546450e+02 1.869916002823586041e+03
9.200604547413730643e+02 1.864981893340445822e+03
1.020866460007838782e+03 1.860021428820578421e+03
1.121077169424378781e+03 1.855036362728620134e+03
1.220682810374432620e+03 1.850028130296198924e+03
1.319674058404078323e+03 1.844998075759912808e+03
1.418042018426240702e+03 1.839947573366531287e+03
1.515778325895199714e+03 1.834878136391802855e+03
1.612874972790913489e+03 1.829791063979800583e+03
1.709324584329534446e+03 1.824687794380809009e+03
1.805120064834427239e+03 1.819569443084263185e+03
1.900254330138144724e+03 1.814436680002215780e+03
1.994719795666734171e+03 1.809289499202172010e+03
2.088507643460112376e+03 1.804126964614320059e+03
2.181606849128010708e+03 1.798946938616446005e+03
4.045400263521248689e+02 1.791290909690056651e+03
5.086125342925257655e+02 1.786744906240137880e+03
6.121520175279225668e+02 1.782161830565397395e+03
7.151390425252120622e+02 1.777547843695189613e+03
8.175586739868326731e+02 1.772906918567267439e+03
9.193985887516205366e+02 1.768241588752307507e+03
1.020647868769515071e+03 1.763553523432478642e+03
1.121296307547705965e+03 1.758843952130947400e+03
1.221334087140132624e+03 1.754113960188647070e+03
1.320751702946495243e+03 1.749364673722068346e+03
1.419540031546361888e+03 1.744597350750455917e+03
1.517690452741840545e+03 1.739813393333790827e+03
1.615194951121566646e+03 1.735014293896691015e+03
1.712046199468056784e+03 1.730201602696411783e+03
1.808237192998839873e+03 1.725376477970379938e+03
1.903761325733303920e+03 1.720539942794422586e+03
1.998611654707065554e+03 1.715692379139379227e+03
2.092780226901295009e+03 1.710833367775682518e+03
2.186257096419817572e+03 1.705961442045054810e+03
4.015935830018916022e+02 1.692327004128933368e+03
5.061425680493148320e+02 1.688035049364965516e+03
6.101491180797197558e+02 1.683713266994051992e+03
7.135956132719004472e+02 1.679366272841912405e+03
8.164683317294075096e+02 1.674996931574913560e+03
9.187556681782918986e+02 1.670606998232174419e+03
1.020447031188068649e+03 1.666197606658272207e+03
1.121532250368875111e+03 1.661769626012163826e+03
1.222001348240497919e+03 1.657323904238244040e+03
1.321844552155451993e+03 1.652861415316351895e+03
1.421052440042695025e+03 1.648383325239613896e+03
1.519616130052073686e+03 1.643890989984594398e+03
1.617527438632284884e+03 1.639385897220829293e+03
1.714778944357639830e+03 1.634869562141377173e+03
1.811363974602277949e+03 1.630343457175564026e+03
1.907276070056809886e+03 1.625808562964414250e+03
2.002508885292795185e+03 1.621265592173280311e+03
2.097055202258782629e+03 1.616714508861808554e+03
2.190905995145919860e+03 1.612154379716809217e+03
3.986799483912900541e+02 1.592435303073222258e+03
5.037008511395736150e+02 1.588406260383509562e+03
6.081711797561224557e+02 1.584353432400116617e+03
7.120747518381052714e+02 1.580280241124707118e+03
8.153987730398712301e+02 1.576188735814885149e+03
9.181321437289097958e+02 1.572080129750309425e+03
1.020264445596880250e+03 1.567955205131680714e+03
1.121785436473281834e+03 1.563814604852645289e+03
1.222684905433424092e+03 1.559659027819835046e+03
1.322952761500263023e+03 1.555489342633171418e+03
1.422579248074781162e+03 1.551306632759329887e+03
1.521555191931388208e+03 1.547112184819399317e+03
1.619872210400880704e+03 1.542907430252150789e+03
1.717522813431095074e+03 1.538693849392989023e+03
1.814500348743340737e+03 1.534472845912811181e+03
1.910798821365895037e+03 1.530245664941978021e+03
2.006412125218315850e+03 1.526012965781056664e+03
2.101333716902553078e+03 1.521775035200943876e+03
2.195555331342798581e+03 1.517531347657912647e+03
3.957977497740101853e+02 1.491621922678638839e+03
5.012869478052342629e+02 1.487863249575394093e+03
6.062184223977898228e+02 1.484085953396996956e+03
7.105770883989360982e+02 1.480292557275615081e+03
8.143508315553589227e+02 1.476484539976052474e+03
9.175288850371971421e+02 1.472662769516451363e+03
1.020100889508216596e+03 1.468827826832805840e+03
1.122056461502059392e+03 1.464980235666904946e+03
1.223385119345435442e+03 1.461120613032499023e+03
1.324076437629778411e+03 1.457249752971021735e+03
1.424120320546378025e+03 1.453368654829704155e+03
1.523507301514526716e+03 1.449478505966472767e+03
1.622228791673185469e+03 1.445580627593784357e+03
1.720277213178322199e+03 1.441676391404869491e+03
1.817645965035480003e+03 1.437767113669101946e+03
1.914329179567489973e+03 1.433853932627722770e+03
2.010321314539540708e+03 1.429937736733987776e+03
2.105616097569044541e+03 1.426018776268524334e+03
2.200205931191014315e+03 1.422096884469404813e+03
3.929467587823044141e+02 1.389891827727163218e+03
4.989013094548952267e+02 1.386410020222768480e+03
6.042917416579683731e+02 1.382914137240244600e+03
7.091037562980357052e+02 1.379406040956646848e+03
8.133257037921337087e+02 1.375886836836757539e+03
9.169470109937190045e+02 1.372357204820305014e+03
1.019957297607162445e+03 1.368817643246402213e+03
1.122346003057709368e+03 1.365268638997937387e+03
1.224102369939649179e+03 1.361710775780171844e+03
1.325215652512564475e+03 1.358144791038583890e+03
1.425675438537189166e+03 1.354571590756384467e+03
1.525471990295983687e+03 1.350992230238758339e+03
1.624596526162610189e+03 1.347407867976479110e+03
1.723041377780669336e+03 1.343819698774757853e+03
1.820799969976952070e+03 1.340228871523808721e+03
1.917866581141061488e+03 1.336636396266044358e+03
2.014235851107766848e+03 1.333043044572541476e+03
2.109902095016328985e+03 1.329449305544078925e+03
2.204857914576240546e+03 1.325855050124486979e+03
3.901275411013593839e+02 1.287249575831851416e+03
4.965449576122431381e+02 1.284050534197555180e+03
6.023924293499795795e+02 1.280841568413738059e+03
7.076561527745603826e+02 1.277624059173208934e+03
8.123247522070337254e+02 1.274398887654235750e+03
9.163877361767955563e+02 1.271166663963106430e+03
1.019834651760382258e+03 1.267927891905716024e+03
1.122654753755011825e+03 1.264683080724660158e+03
1.224837031401956892e+03 1.261432813143921976e+03
1.326370458344669942e+03 1.258177777904103550e+03
1.427244351868498370e+03 1.254918773934594583e+03
1.527448745489805333e+03 1.251656692383455265e+03
1.626974694884524524e+03 1.248392481900479652e+03
1.725814451189000920e+03 1.245127101834116047e+03
1.823961448067766014e+03 1.241861467349787063e+03
1.921410059802927208e+03 1.238596389897517838e+03
2.018155097179617314e+03 1.235332515943205635e+03
2.114191096956443289e+03 1.232070319154582421e+03
2.209510911885196037e+03 1.228809834464550022e+03
3.873411624793836836e+02 1.183699814368475018e+03
4.942192146234481243e+02 1.180789124667777287e+03
6.005219338381072021e+02 1.177872448671871325e+03
7.062357327391135868e+02 1.174950804268984257e+03
8.113493349085382533e+02 1.172024947908027116e+03
9.158522380154793154e+02 1.169095498834915816e+03
1.019733886219150008e+03 1.166163024277297836e+03
1.122983364216334166e+03 1.163228093204411380e+03
1.225589451926988431e+03 1.160291305287600153e+03
1.327540902443356572e+03 1.157353300795140512e+03
1.428826826804671555e+03 1.154414756361886475e+03
1.529437087678446005e+03 1.151476370870113215e+03
1.629362620381712532e+03 1.148538845053973091e+03
1.728595614088847469e+03 1.145602857888109156e+03
1.827129498752370637e+03 1.142669042333807738e+03
1.924958694395050770e+03 1.139737962586968024e+03
2.022078089182989970e+03 1.136810094594978182e+03
2.118482221210657372e+03 1.133885811278833899e+03
2.214164233294098722e+03 1.130965423125900998e+03
3.845889663904532654e+02 1.079247574469836309e+03
4.919254951504622113e+02 1.076630698170176856e+03
5.986816713635995484e+02 1.074011720980838618e+03
7.048438444928846138e+02 1.071391352403402152e+03
8.104006690365639543e+02 1.068770271998442468e+03
9.153415499367984012e+02 1.066149146661770374e+03
1.019655811597481261e+03 1.063528634639979146e+03
1.123332398004852166e+03 1.060909380723076765e+03
1.226359938883679433e+03 1.058292006364708641e+03
1.328727041157112581e+03 1.055677097874491210e+03
1.430422686527001588e+03 1.053065195293894703e+03
1.531436635041274258e+03 1.050456784099377501e+03
1.631759751326585729e+03 1.047852291467169835e+03
1.731384184973876927e+03 1.045252088477002644e+03
1.830303349584923353e+03 1.042656499321486763e+03
1.928511656411786589e+03 1.040065818318647189e+03
2.026003968521629986e+03 1.037480335292695599e+03
2.122774750152406796e+03 1.034900369688247565e+03
2.218816978255608774e+03 1.032326357549598697e+03
3.818724408486708626e+02 9.738984213964798755e+02
4.896651733200875469e+02 9.715807827739278082e+02
5.968729007239531938e+02 9.692650318201023083e+02
7.034816175143744204e+02 9.669515550090718534e+02
8.094797357820941670e+02 9.646409477105120231e+02
9.148564864399438648e+02 9.623339203017623049e+02
1.019601061650216025e+03 9.600312181418178170e+02
1.123702300700383830e+03 9.577335564595914548e+02
1.227148749830985480e+03 9.554415708579579132e+02
1.329928951603761334e+03 9.531557838351520786e+02
1.432031841598851770e+03 9.508765874701813345e+02
1.533447149846033426e+03 9.486042422037455708e+02
1.634165721697218714e+03 9.463388914659894908e+02
1.734179688080809456e+03 9.440805917529862654e+02
1.833482428464097666e+03 9.418293576313465110e+02
1.932068281587282854e+03 9.395852210513156706e+02
2.029931969301434492e+03 9.373483042701570866e+02
2.127067707804338625e+03 9.351189056267611477e+02
2.223467988367465750e+03 9.328975973628818110e+02
3.791931943187672687e+02 8.676585380998338906e+02
4.874395424638942131e+02 8.656454959772834172e+02
5.950966754325065722e+02 8.636386026831340814e+02
7.021499138132659255e+02 8.616378316083350910e+02
8.085872360799558010e+02 8.596436266792487686e+02
9.143976068080739878e+02 8.576566914750252408e+02
1.019570067366745434e+03 8.556778208394661078e+02
1.124093385551762367e+03 8.537077724387099806e+02
1.227956089836033016e+03 8.517471757261054108e+02
1.331146739795579606e+03 8.497964758036798685e+02
1.433654307165147884e+03 8.478559097125030348e+02
1.535468562198234849e+03 8.459255127392572149e+02
1.636580377833124203e+03 8.440051523910296964e+02
1.736981879853740793e+03 8.420945877626716083e+02
1.836666385011385046e+03 8.401935520991820567e+02
1.935628081147671764e+03 8.383018564379106010e+02
2.033861413916581569e+03 8.364195123006397807e+02
2.131360153911812631e+03 8.345468714926045095e+02
2.228116126014609108e+03 8.326847811533532422e+02
3.765530634098328164e+02 7.605348391762038318e+02
4.852498866965016759e+02 7.588315256784794656e+02
5.933538893968515140e+02 7.571391006856101740e+02
7.008493558871939513e+02 7.554569508555288166e+02
8.077236071923066447e+02 7.537852350429873241e+02
9.139652250219875214e+02 7.521245487689575384e+02
1.019563063438358540e+03 7.504756615251192216e+02
1.124505838388304255e+03 7.488393205271474926e+02
1.228782115518008595e+03 7.472161149279411347e+02
1.332380543418357092e+03 7.456063948817760547e+02
1.435290203087610507e+03 7.440102402124252876e+02
1.537500965264293882e+03 7.424274737826310684e+02
1.639003765671077645e+03 7.408577149890463716e+02
1.739790724383848101e+03 7.393004691161535220e+02
1.839855049737634999e+03 7.377552485751177755e+02
1.939190679617458045e+03 7.362217223294583164e+02
2.037791623850844189e+03 7.346998900693848782e+02
2.135650980893266933e+03 7.331902779412396285e+02
2.232759610233781132e+03 7.316941528683348679e+02
3.739543781083259546e+02 6.525352360736507080e+02
4.830976861668139009e+02 6.511462404311074579e+02
5.916454342909831894e+02 6.497736203229243301e+02
6.995804460318710198e+02 6.484159081252937540e+02
8.068891117197599669e+02 6.470727692966811446e+02
9.135594743880164970e+02 6.457445325041628621e+02
1.019580132755957493e+03 6.444318248535894327e+02
1.124939744742368475e+03 6.431353017398835163e+02
1.229626946199463646e+03 6.418554616474193608e+02
1.333630527195269906e+03 6.405925369879475966e+02
1.436939732601849528e+03 6.393464527680479250e+02
1.539544575303575584e+03 6.381168455326044295e+02
1.641436069327947507e+03 6.369031356382301965e+02
1.742606306895950866e+03 6.357046464737678662e+02
1.843048318037527224e+03 6.345207647667180026e+02
1.942755664243533147e+03 6.333511365973110969e+02
2.041721728829413678e+03 6.321958941885575314e+02
2.139938676447789021e+03 6.310559089533950328e+02
2.237396062668812647e+03 6.299330666613932408e+02
3.714004137403520645e+02 5.436692018107011108e+02
4.809849807087900899e+02 5.425980716682757929e+02
5.899724891820274024e+02 5.415499140377529557e+02
6.983437936674881712e+02 5.405220327935203386e+02
8.060840120458976799e+02 5.395133064488792343e+02
9.131804364448453271e+02 5.385235719580402929e+02
1.019621295255609539e+03 5.375531480633417232e+02
1.125395142426767961e+03 5.366024833212101157e+02
1.230490682490222753e+03 5.356719152015759846e+02
1.334896868380654269e+03 5.347615278188612820e+02
1.438603134384613668e+03 5.338710969249450500e+02
1.541599648850476797e+03 5.330001117819120964e+02
1.643877490921701792e+03 5.321478644409298795e+02
1.745428672809127875e+03 5.313135977888334764e+02
1.846245944251019864e+03 5.304967044913469181e+02
1.946322329054324200e+03 5.296969696662904425e+02
2.045650355175590903e+03 5.289148507664434646e+02
2.144220949872460551e+03 5.281517887443628751e+02
2.242021980204081501e+03 5.274105451147083841e+02
3.688960626913919896e+02 4.339488151048593636e+02
4.789149198485159786e+02 4.331973411497425559e+02
5.883369656347980481e+02 4.324770388354698980e+02
6.971404694757193283e+02 4.317834870128803004e+02
8.053088448549012810e+02 4.311143853857064414e+02
9.128283448812412644e+02 4.304687774481177485e+02
1.019686648158044932e+03 4.298464498530227047e+02
1.125872103126470620e+03 4.292474886482647207e+02
1.231373432555280942e+03 4.286719745607214236e+02
1.336179729486946599e+03 4.281198011083378105e+02
1.440280602129345880e+03 4.275906007877526918e+02
1.543666348267202466e+03 4.270837659302683278e+02
1.646328060087468202e+03 4.265985520507813362e+02
1.748257578165578934e+03 4.261342526415156726e+02
1.849447229012959951e+03 4.256904353932332015e+02
1.949889294281662615e+03 4.252672307685576243e+02
2.049575171676346145e+03 4.248656647123656285e+02
2.148494198031570704e+03 4.244880280694925432e+02
2.246632114047522919e+03 4.241382759965301830e+02
3.664487631984261498e+02 3.233905002620213054e+02
4.768925307293941387e+02 3.229577421028398021e+02
5.867421344860450745e+02 3.225666202520180832e+02
6.959725075152312002e+02 3.222103507822322399e+02
8.045648121784453224e+02 3.218849483478198863e+02
9.125038764905643802e+02 3.215882708546569120e+02
1.019776565451276383e+03 3.213192801918154373e+02
1.126370846905305825e+03 3.210774944210575086e+02
1.232275346224142368e+03 3.208626090819900583e+02
1.337479214843271166e+03 3.206742673407655957e+02
1.441972164834874548e+03 3.205119606032894808e+02
1.545744545626529089e+03 3.203750429437342291e+02
1.648787360034868925e+03 3.202628442786162850e+02
1.751092135279232707e+03 3.201748686577199123e+02
1.852650580853176507e+03 3.201110653569909346e+02
1.953453979312420643e+03 3.200721616555404125e+02
2.053492268411981513e+03 3.200600472688976197e+02
2.152752783795076084e+03 3.200782014026167417e+02
2.251218640783055889e+03 3.201321542927169048e+02
3.640697273133157523e+02 2.120177210874718412e+02
4.749257395375445867e+02 2.118987230103166439e+02
5.851934637877678824e+02 2.118349741317917960e+02
6.948435791249247586e+02 2.118165260238718020e+02
8.038543074457718376e+02 2.118370681873699368e+02
9.122085426212142920e+02 2.118927738482096856e+02
1.019891965350099554e+03 2.119814045264132574e+02
1.126891893897046884e+03 2.121016433538524097e+02
1.233196656981859178e+03 2.122526299379458123e+02
1.338795307008692134e+03 2.124336721451052199e+02
1.443677520003620430e+03 2.126441125290897389e+02
1.547833553465617797e+03 2.128833292735238274e+02
1.651254155186249136e+03 2.131508534714342886e+02
1.753930335280217605e+03 2.134465863433124468e+02
1.855852930483216824e+03 2.137711016134277315e+02
1.957011904476695690e+03 2.141260197353958574e+02
2.057395340826056781e+03 2.145144419948472887e+02
2.156988096279931142e+03 2.149414337310834071e+02
2.255770091861914807e+03 2.154145470216286640e+02
3.617755154708995633e+02 9.986493516579753305e+01
4.730266864893471848e+02 1.000490694400650682e+02
5.836997011012412031e+02 1.003063715809137193e+02
6.937598653612118369e+02 1.006227358594471752e+02
8.031815972507442893e+02 1.009887292136810402e+02
9.119451961688341726e+02 1.013982139834449754e+02
1.020034655440010397e+03 1.018472755799668903e+02
1.127436257848152763e+03 1.023334192294333889e+02
1.234137731738005186e+03 1.028550033545450333e+02
1.340127778408364065e+03 1.034108802810455927e+02
1.445395810808841588e+03 1.040002178017103915e+02
1.549931769359351165e+03 1.046224777208798287e+02
1.653725903411221907e+03 1.052775298593810476e+02
1.756768426797815664e+03 1.059658821420083541e+02
1.859048973383685507e+03 1.066890093357768592e+02
1.960555793787239054e+03 1.074497647736811814e+02
2.061274647767203078e+03 1.082528610012601575e+02
2.161187358347030568e+03 1.091054067362783826e+02
2.260270003800105314e+03 1.100174888486446889e+02
4.014021431756139009e+02 1.883418714035830817e+03
4.991999595368944256e+02 1.878939362299874119e+03
5.965397514060289268e+02 1.874432040078561840e+03
6.934047375740468624e+02 1.869903562958567363e+03
7.897824715713556998e+02 1.865358494710769719e+03
8.856632285302514447e+02 1.860799816209226719e+03
9.810389011689306926e+02 1.856229453717558044e+03
1.075902292117148136e+03 1.851648684359614435e+03
1.170246704401155739e+03 1.847058434702533987e+03
1.264065744897220839e+03 1.842459486675663584e+03
1.357353267112658841e+03 1.837852603512299993e+03
1.450103389909991847e+03 1.833238587017913687e+03
1.542310537888990893e+03 1.828618276224814963e+03
1.633969457205716481e+03 1.823992496376430836e+03
1.725075167748608692e+03 1.819361966182916149e+03
1.815622818909615489e+03 1.814727170392891367e+03
1.905607421774153181e+03 1.810088203923871788e+03
1.995023435488997620e+03 1.805444593077316767e+03
2.083864352695048638e+03 1.800795256663458076e+03
3.985420418183274478e+02 1.790657767293063671e+03
4.967567031065769925e+02 1.786394950359835093e+03
5.945040706242929218e+02 1.782111248750827599e+03
6.917692449943904194e+02 1.777811884425431344e+03
7.885411293881290931e+02 1.773500219988162826e+03
8.848109023027984676e+02 1.769178345958584941e+03
9.805709977965857433e+02 1.764847541475605112e+03
1.075814478805930776e+03 1.760508624764079741e+03
1.170534704073546891e+03 1.756162207937808262e+03
1.264725202469386204e+03 1.751808869131956726e+03
1.358379680261293288e+03 1.747449253534547097e+03
1.451492097340744067e+03 1.743084113606784285e+03
1.544056757671490232e+03 1.738714297632734315e+03
1.636068367431771549e+03 1.734340694708256706e+03
1.727522021578598924e+03 1.729964143356180557e+03
1.818413085978999788e+03 1.725585310129255959e+03
1.908736947921401679e+03 1.721204543825238488e+03
1.998488612824600295e+03 1.716821710280848492e+03
2.087662129377330075e+03 1.712436012125540856e+03
3.957159166203197174e+02 1.697097236083921416e+03
4.943428145166684544e+02 1.693059936654472949e+03
5.924944570192847095e+02 1.689007507334643378e+03
6.901574999353478006e+02 1.684943891856152277e+03
7.873219353077486176e+02 1.680871519152029123e+03
8.839796390854061201e+02 1.676791811234980742e+03
9.801234258128579313e+02 1.672705578842921341e+03
1.075746494214471113e+03 1.668613319634164782e+03
1.170842162775475799e+03 1.664515432103328976e+03
1.265403807955058483e+03 1.660412356938281846e+03
1.359424929680664036e+03 1.656304656234044842e+03
1.452899279426186240e+03 1.652193039808366620e+03
1.545820995613929654e+03 1.648078346813430699e+03
1.638184699431634499e+03 1.643961489897741330e+03
1.729985511539647632e+03 1.639843368331326246e+03
1.821218956666039958e+03 1.635724755756470586e+03
1.911880728845343583e+03 1.631606167556647506e+03
2.001966295135996688e+03 1.627487712240029396e+03
2.091470320130073560e+03 1.623368930703690239e+03
3.929211518700074066e+02 1.602743486154900438e+03
4.919567263841096292e+02 1.598939113532172541e+03
5.905101412117242035e+02 1.595124334306659875e+03
6.885693113207767055e+02 1.591302087639123783e+03
7.861250884121288891e+02 1.587474100020926471e+03
8.831698717818518389e+02 1.583641315532097224e+03
9.796967270858085612e+02 1.579804228518324180e+03
1.075698894964833471e+03 1.575963131861749162e+03
1.171169587059639298e+03 1.572118292559559450e+03
1.266101980774286631e+03 1.568270065011160113e+03
1.360489336416128481e+03 1.564418951235681106e+03
1.454325171212498844e+03 1.560565616184647297e+03
1.547603434328704680e+03 1.556710865368354234e+03
1.640318635522861541e+03 1.552855591168613500e+03
1.732465887592466743e+03 1.549000693455403507e+03
1.824040829405302929e+03 1.545146979451888456e+03
1.915039402162303986e+03 1.541295047193203573e+03
2.005457456701284627e+03 1.537445156391899673e+03
2.095290174197876240e+03 1.533597090050353927e+03
3.901563927486953389e+02 1.507600943761708095e+03
4.895979013905272268e+02 1.504035736132417242e+03
5.885511845529770198e+02 1.500464066033448944e+03
6.870051466317260065e+02 1.496888100174499868e+03
7.849512974493379716e+02 1.493309058205539486e+03
8.823824138626700915e+02 1.489727566586966077e+03
9.792917115791011611e+02 1.486143929908406108e+03
1.075672407042831082e+03 1.482558331155011047e+03
1.171517565188802337e+03 1.478970971118579882e+03
1.266820143007265415e+03 1.475382155982838867e+03
1.361573151403162456e+03 1.471792341065553501e+03
1.455769868940674769e+03 1.468202137763498740e+03
1.549404050888014353e+03 1.464612289909442097e+03
1.642470085659813776e+03 1.461023625003576853e+03
1.734963058419914432e+03 1.457436985116702317e+03
1.826878688369253723e+03 1.453853141670751711e+03
1.918213112203960463e+03 1.450272697776847053e+03
2.008962491479245728e+03 1.446695981345039854e+03
2.099122426237380296e+03 1.443122931767314640e+03
3.874212408151013278e+02 1.411672892126321813e+03
4.872665572109334562e+02 1.408352263637069882e+03
5.866182355979400427e+02 1.405028548445772685e+03
6.854659214139583128e+02 1.401703331167299666e+03
7.838016043192694724e+02 1.398377484840450506e+03
8.816183172807598112e+02 1.395051449045256732e+03
9.789093497062265214e+02 1.391725440942112982e+03
1.075667852199154822e+03 1.388399608980259245e+03
1.171886726829172403e+03 1.385074137890381735e+03
1.267558711295122521e+03 1.381749312561833449e+03
1.362676578189122665e+03 1.378425547498037076e+03
1.457233381926143011e+03 1.375103387733966201e+03
1.551222695943125018e+03 1.371783486377870076e+03
1.644638791637963777e+03 1.368466563297044104e+03
1.737476718341487640e+03 1.365153348896726811e+03
1.829732250511668099e+03 1.361844516434861589e+03
1.921401674413940782e+03 1.358540605867052818e+03
2.012481391899026676e+03 1.355241941819533395e+03
2.102967323594617937e+03 1.351948547937910007e+03
3.847159813463664477e+02 1.314962063813658006e+03
4.849634187027493226e+02 1.311890894278201131e+03
5.847123097021786862e+02 1.308819621301134930e+03
6.839528081614874964e+02 1.305749395256639673e+03
7.826772235096809709e+02 1.302680867244959245e+03
8.808787431753581814e+02 1.299614391429737907e+03
9.785506745213929207e+02 1.296550176286428496e+03
1.075686081397440375e+03 1.293488392675007617e+03
1.172277707119116030e+03 1.290429245696522685e+03
1.268318090522722287e+03 1.287373016441475784e+03
1.363799794885725078e+03 1.284320078979007121e+03
1.458715681126707295e+03 1.281270897260241100e+03
1.553059166968219188e+03 1.278226006008918830e+03
1.646824422809994985e+03 1.275185979140014751e+03
1.740006463052311574e+03 1.272151388775594114e+03
1.832601098650382937e+03 1.269122757510501970e+03
1.924604722879092151e+03 1.266100506212811752e+03
2.016013907740416016e+03 1.263084899320213708e+03
2.106824793240616600e+03 1.260075989308867065e+03
3.820413510057760504e+02 1.217471051098313410e+03
4.826895046399044986e+02 1.214653915123303022e+03
5.828345979223541917e+02 1.211839415147490399e+03
6.824670697201928533e+02 1.209028371316819630e+03
7.815794016542643021e+02 1.206221301192724241e+03
8.801648486187521030e+02 1.203418545548044449e+03
9.782166961325016246e+02 1.200620359659777932e+03
1.075727916867922431e+03 1.197826976086205377e+03
1.172691115881645146e+03 1.195038644152356028e+03
1.269098669293155581e+03 1.192255650688900459e+03
1.364942974629901983e+03 1.189478325967115552e+03
1.460216742967012806e+03 1.186707038238855375e+03
1.554913273506267387e+03 1.183942179818576733e+03
1.649026660515552749e+03 1.181184147228022312e+03
1.742551890724920213e+03 1.178433317557388591e+03
1.835484796473140250e+03 1.175690022874468241e+03
1.927821836231141560e+03 1.172954524230485731e+03
2.019559679696435069e+03 1.170226986563939363e+03
2.110694579545203851e+03 1.167507455587628783e+03
3.793983554700639615e+02 1.119202563862292891e+03
4.804459572702500054e+02 1.116643894884391784e+03
5.809863122341647568e+02 1.114090488102566724e+03
6.810099230423179506e+02 1.111542891563025023e+03
7.805093019315600031e+02 1.109001540080436143e+03
8.794776930756695492e+02 1.106466802916407232e+03
9.779083310128132780e+02 1.103939014226092468e+03
1.075794104498560273e+03 1.101418490234120327e+03
1.173127512810199960e+03 1.098905536539521336e+03
1.269900817157700430e+03 1.096400448453835224e+03
1.366106303682518273e+03 1.093903506840225873e+03
1.461736586741402334e+03 1.091414971538079726e+03
1.556784891953544957e+03 1.088935074121477101e+03
1.651245267994482219e+03 1.086464011446124459e+03
1.745112684491744858e+03 1.084001941183035569e+03
1.838382980744216184e+03 1.081548980314372784e+03
1.931052636464885836e+03 1.079105207373532949e+03
2.023118341438869038e+03 1.076670669044397982e+03
2.114576345987783498e+03 1.074245391590579402e+03
3.767881479582437123e+02 1.020159573259750800e+03
4.782339240922605086e+02 1.017863756407891742e+03
5.791685750207304864e+02 1.015575837712647058e+03
6.795824398934240662e+02 1.013296102504633950e+03
7.794679186364151064e+02 1.011024913977318306e+03
8.788181687093451728e+02 1.008762680268044051e+03
9.776263492113052962e+02 1.006509822362603472e+03
1.075885278485661274e+03 1.004266744647187807e+03
1.173587389520743955e+03 1.002033809585185963e+03
1.270724883507850564e+03 9.998113176957333508e+02
1.367289996121902050e+03 9.975994937510376985e+02
1.463275303633958629e+03 9.953984798856395173e+02
1.558674007030085249e+03 9.932083361187164883e+02
1.653480142061610877e+03 9.910290486265187155e+02
1.747688671735447770e+03 9.888605459626437550e+02
1.841295425302725334e+03 9.867027233060546223e+02
1.934296854438975288e+03 9.845554747178030084e+02
2.026689583136413603e+03 9.824187333048973869e+02
2.118469732944072348e+03 9.802925191214817460e+02
3.742119810766590717e+02 9.203453894854770851e+02
4.760545025035429489e+02 9.183167752723898047e+02
5.773823618385378040e+02 9.162988326210597734e+02
6.781854919777659916e+02 9.142915409767434767e+02
7.784560279416486992e+02 9.122951604692120782e+02
8.781869591860979654e+02 9.103101149127865028e+02
9.773713428207352081e+02 9.083368945783831805e+02
1.076001940374579362e+03 9.063759783018226699e+02
1.174071159428879128e+03 9.044277743754619223e+02
1.271571197965685997e+03 9.024925795772356878e+02
1.368494303888931881e+03 9.005705556190007428e+02
1.464833075069943789e+03 8.986617222417326047e+02
1.560580736639389670e+03 8.967659661459622384e+02
1.655731342262258295e+03 8.948830649195273281e+02
1.750279854944438284e+03 8.930127251092056895e+02
1.844222070666325180e+03 8.911546335762686795e+02
1.937554354943998987e+03 8.893085212768669408e+02
2.030273168392395519e+03 8.874742386150902576e+02
2.122374362606327850e+03 8.856518415283130707e+02
3.716712460502951672e+02 8.197637336954511511e+02
4.739087593849651512e+02 8.180065622497666027e+02
5.756285076509230976e+02 8.162631197522346156e+02
6.768197489166569767e+02 8.145329791314763952e+02
7.774741816347919894e+02 8.128162195636322167e+02
8.775845322077044557e+02 8.111132207932485016e+02
9.771437194606855883e+02 8.094244971882578739e+02
1.076144454849722024e+03 8.077505686989300102e+02
1.174579156478382629e+03 8.060918660180484494e+02
1.272440072023356379e+03 8.044486673678586612e+02
1.369719520708837990e+03 8.028210644670763259e+02
1.466410177741553071e+03 8.012089553573094918e+02
1.562505336315441582e+03 7.996120618916870626e+02
1.657999092593536716e+03 7.980299698085051432e+02
1.752886408132590759e+03 7.964621894287065516e+02
1.847163012175792119e+03 7.949082351275287692e+02
1.940825113228131158e+03 7.933677218373513824e+02
2.033868895461796455e+03 7.918404769404307899e+02
2.126289780877503745e+03 7.903266660066979057e+02
3.691676152692957658e+02 7.184188776827297715e+02
4.717978392678863884e+02 7.169371004966170631e+02
5.739077880451065994e+02 7.154725754193337934e+02
6.754857385988065062e+02 7.140243045955198795e+02
7.765227514720952513e+02 7.125920568994513360e+02
8.770111716442874013e+02 7.111760677402398869e+02
9.769437249743989469e+02 7.097767997100106641e+02
1.076313064883587231e+03 7.083947587020616083e+02
1.175111643816846936e+03 7.070303605146591508e+02
1.273331801579530975e+03 7.056838433205466572e+02
1.370965978147767828e+03 7.043552217232647763e+02
1.468006972226944981e+03 7.030442784397453124e+02
1.564448178880875275e+03 7.017505899452650056e+02
1.660283750158117755e+03 7.004735826926289519e+02
1.755508631965030645e+03 6.992126167733424609e+02
1.850118438624793498e+03 6.979670941255380967e+02
1.944109133749936518e+03 6.967365886125278394e+02
2.037476492361032570e+03 6.955209954980698512e+02
2.130215324711622088e+03 6.943206980308152652e+02
3.667033061650877244e+02 6.163159405730089020e+02
4.697231765073753422e+02 6.151129234912037873e+02
5.722210884339654058e+02 6.139313834378569936e+02
6.741839806345830084e+02 6.127695162368327146e+02
7.756020327491889930e+02 6.116265933371594201e+02
8.764670558568218439e+02 6.105025598894860650e+02
9.767715000273328769e+02 6.093977160684094088e+02
1.076507929128770456e+03 6.083124735612313998e+02
1.175668833584675212e+03 6.072471798116810078e+02
1.274246669897696165e+03 6.062020032239996681e+02
1.372234031754980379e+03 6.051768731015446292e+02
1.469623871638479613e+03 6.041714686177285785e+02
1.566409704288937291e+03 6.031852515984890033e+02
1.662585734304573407e+03 6.022175383373341901e+02
1.758146859764196051e+03 6.012676060689833548e+02
1.853088512202224138e+03 6.003348300982627279e+02
1.947406300666723382e+03 5.994188479196875505e+02
2.041095434083276587e+03 5.985197469723732411e+02
2.134149901836572099e+03 5.976382729568689456e+02
3.642814867679501276e+02 5.134614498679486587e+02
4.676868288727702065e+02 5.125395372029645387e+02
5.705696759055728080e+02 5.116443402512330749e+02
6.729152050017179363e+02 5.107729323997697293e+02
7.747124167556144130e+02 5.099238349525851390e+02
8.759523895952970634e+02 5.090965047346971915e+02
9.766271758368417295e+02 5.082909288016220444e+02
1.076729184736898105e+03 5.075073152882057457e+02
1.176250919054947872e+03 5.067458703977198411e+02
1.275184950365372288e+03 5.060066524190654036e+02
1.373524034889168661e+03 5.052894944723256003e+02
1.471261286186799907e+03 5.045939884259731798e+02
1.568390333884349729e+03 5.039195231078369943e+02
1.664905408890675517e+03 5.032653705511398812e+02
1.760801305479672010e+03 5.026308145810413635e+02
1.856073179317284712e+03 5.020153165603552452e+02
1.950716148149253968e+03 5.014187135795220911e+02
2.044724668559427300e+03 5.008414447992121268e+02
2.138091668072904213e+03 5.002848020377668945e+02
3.619068459151161505e+02 4.098642949649849925e+02
4.656919521919128329e+02 4.092242100996786576e+02
5.689555902413054582e+02 4.086175065594047737e+02
6.716806694834633618e+02 4.080397273658136328e+02
7.738546429705465926e+02 4.074883158108086718e+02
8.754675977444201180e+02 4.069619821417937828e+02
9.765110148613329102e+02 4.064602028484857783e+02
1.076977039116356536e+03 4.059828384999181026e+02
1.176858120433090107e+03 4.055298573678649063e+02
1.276146908261385761e+03 4.051011532491950220e+02
1.374836297424183385e+03 4.046964469729306302e+02
1.472919538923863684e+03 4.043152620557466435e+02
1.570390342484392477e+03 4.039569658596940371e+02
1.667242909271043345e+03 4.036208684148452903e+02
1.763471843477483617e+03 4.033063718038659999e+02
1.859071900464459759e+03 4.030131636712136469e+02
1.954037537022227298e+03 4.027414490224514338e+02
2.048362236241535811e+03 4.024922150243988881e+02
2.142037585532610592e+03 4.022675240094700939e+02
3.595863540063918435e+02 3.055372251959547611e+02
4.637434381726365018e+02 3.051772777248838793e+02
5.673821726982063183e+02 3.048593473386584947e+02
6.704825911885219512e+02 3.045769335161273830e+02
7.730301431823509120e+02 3.043259869862573623e+02
8.750135901725681151e+02 3.041041431537200879e+02
9.764236029392806131e+02 3.039101154572614405e+02
1.077251894498905585e+03 3.037432313055469422e+02
1.177490745696044542e+03 3.036030948667366829e+02
1.277132800536709965e+03 3.034893624746936212e+02
1.376171026069104300e+03 3.034016177677066253e+02
1.474598747221509484e+03 3.033393349053768588e+02
1.572409680740236126e+03 3.033019193257207462e+02
1.669597904444987307e+03 3.032888165167311172e+02
1.766157708624209135e+03 3.032996801932127937e+02
1.862083285699219232e+03 3.033345920986735109e+02
1.957368222445679294e+03 3.033943264009019458e+02
2.052004766210493472e+03 3.034806523256121409e+02
2.145982842822927978e+03 3.035966692816547265e+02
3.573301618288693362e+02 2.004989323186458705e+02
4.618487403029803318e+02 2.004141351232112811e+02
5.658547534665337935e+02 2.003825278447884557e+02
6.693247093236955152e+02 2.003950715934311120e+02
7.722414911891642078e+02 2.004457094883975969e+02
8.745921080314742539e+02 2.005305919318475389e+02
9.763661000996781922e+02 2.006473516437000626e+02
1.077554509576207010e+03 2.007945471150337653e+02
1.178149267919968906e+03 2.009712555809836658e+02
1.278142872379044547e+03 2.011767984340261819e+02
1.377528242513193845e+03 2.014105836518276647e+02
1.476298663742906911e+03 2.016720513138667457e+02
1.574447739177547419e+03 2.019607096403603919e+02
1.671969283489533609e+03 2.022762502173193297e+02
1.768857103591585656e+03 2.026187321836853243e+02
1.865104620516726300e+03 2.029888261606098467e+02
1.960704295354206351e+03 2.033881096084711544e+02
2.055646829500336480e+03 2.038194061129631791e+02
2.149920115967256606e+03 2.042871618357202124e+02
3.551531620577527519e+02 9.477784405410216095e+01
4.600187580754658256e+02 9.495805907521366862e+01
5.643815212945415851e+02 9.520656264440435734e+01
6.682129984854166196e+02 9.551060001173846103e+01
7.714929733768981350e+02 9.586153646350282997e+01
8.742061630646956019e+02 9.625353110858702621e+01
9.763405580724918309e+02 9.668274082610366804e+01
1.077886202893657355e+03 9.714665876789899812e+01
1.178834420612218537e+03 9.764362684092532163e+01
1.279177349057732272e+03 9.817250203601065550e+01
1.378907675010013691e+03 9.873245844561563445e+01
1.478018469761525239e+03 9.932290860367857022e+01
1.576503044121071980e+03 9.994352940102612592e+01
1.674354753930313109e+03 1.005943792944455026e+02
1.771566698569441542e+03 1.012760948497995059e+02
1.868131264933997045e+03 1.019901558518502043e+02
1.964039478135598301e+03 1.027392092873564025e+02
2.059280127862430163e+03 1.035274434742245830e+02
2.153838646061333748e+03 1.043610044779381951e+02
3.931860894194022649e+02 1.790087171890700574e+03
4.861662962081182968e+02 1.786072816857380076e+03
5.787333041817257708e+02 1.782049495121055770e+03
6.708755435493452524e+02 1.778021690585576835e+03
7.625846836127868755e+02 1.773992303793639167e+03
8.538543898669070131e+02 1.769963117157831675e+03
9.446794648497598246e+02 1.765935166443641720e+03
1.035055292211282222e+03 1.761909030092333523e+03
1.124977513508676566e+03 1.757885046725849406e+03
1.214441876162241897e+03 1.753863470054120626e+03
1.303444198932455947e+03 1.749844569396425413e+03
1.391980408312435202e+03 1.745828683122424081e+03
1.480046605464799995e+03 1.741816231506166559e+03
1.567639128854638557e+03 1.737807694758946809e+03
1.654754582619046005e+03 1.733803561356588943e+03
1.741389805039213343e+03 1.729804251196366749e+03
1.827541755307186122e+03 1.725810017601639629e+03
1.913207300163678156e+03 1.721820831732251236e+03
1.998382884977576850e+03 1.717836252550335985e+03
3.904731850597730727e+02 1.701369446844550112e+03
4.838131343445130597e+02 1.697556668098827913e+03
5.767330706398773827e+02 1.693739543402098207e+03
6.692227570958655178e+02 1.689921490084207107e+03
7.612748296200044251e+02 1.686104616518146031e+03
8.528836085878110680e+02 1.682290127722696525e+03
9.440442939134208018e+02 1.678478647355570729e+03
1.034752461884725790e+03 1.674670466633124306e+03
1.125003792397775214e+03 1.670865729564460253e+03
1.214793964314477307e+03 1.667064562855051008e+03
1.304118664734582126e+03 1.663267157907483579e+03
1.392973665125402249e+03 1.659473811515050556e+03
1.481354923588638485e+03 1.655684931098930747e+03
1.569258678151825961e+03 1.651901009673586032e+03
1.656681500932623749e+03 1.648122575130315909e+03
1.743620287410088622e+03 1.644350117898986809e+03
1.830072158913742896e+03 1.640584000576418930e+03
1.916034259867702531e+03 1.636824352691198328e+03
2.001503434356452772e+03 1.633070953403508838e+03
3.877901039347858614e+02 1.611967599228628842e+03
4.814869875841070552e+02 1.608362663702755526e+03
5.747579303968153681e+02 1.604757118658860463e+03
6.675937931815294633e+02 1.601153530410754911e+03
7.599879932431033467e+02 1.597553399397490466e+03
8.519353624194927761e+02 1.593957507476811315e+03
9.434313889879556427e+02 1.590366191922472808e+03
1.034471760670973708e+03 1.586779555574914866e+03
1.125052136406102136e+03 1.583197621548802772e+03
1.215168083808103802e+03 1.579620439961574448e+03
1.304815127468434412e+03 1.576048153304583593e+03
1.393988860517545390e+03 1.572481026323900551e+03
1.482685078320297634e+03 1.568919445603139138e+03
1.570899898875320787e+03 1.565363893438295690e+03
1.658629839528053026e+03 1.561814900057730483e+03
1.745871824059050823e+03 1.558272977762747360e+03
1.832623098141311857e+03 1.554738540139959923e+03
1.918881034633363242e+03 1.551211809120542512e+03
2.004642813243262708e+03 1.547692712328664356e+03
3.851355316086612675e+02 1.521884799910687207e+03
4.791872513045263986e+02 1.518492992021085911e+03
5.728078164198342392e+02 1.515103626581609660e+03
6.659889696386691185e+02 1.511718603393923559e+03
7.587247448082210894e+02 1.508338972338551002e+03
8.510103625621804895e+02 1.504965223310459805e+03
9.428415112827749454e+02 1.501597513385212551e+03
1.034213929340393861e+03 1.498235839539975132e+03
1.125123215200417690e+03 1.494880164315172806e+03
1.215564801437767755e+03 1.491530500961084272e+03
1.305534037076812410e+03 1.488186963860143578e+03
1.395026330092053058e+03 1.484849789342114263e+03
1.484037308467146204e+03 1.481519331407932214e+03
1.572562964010308178e+03 1.478196036342187654e+03
1.660599748247893785e+03 1.474880399717467071e+03
1.748144594241703544e+03 1.471572908870437914e+03
1.835194842168524474e+03 1.468273973554310260e+03
1.921748050024732947e+03 1.464983847140338412e+03
2.007801673930446213e+03 1.461702540447900219e+03
3.825089588519437029e+02 1.431123138819810720e+03
4.769139665724485440e+02 1.427949034642803781e+03
5.708831728682573612e+02 1.424779909310441099e+03
6.644090025271112836e+02 1.421617149532906296e+03
7.574859582959790032e+02 1.418461485406611700e+03
8.501095448478131402e+02 1.415313223541199704e+03
9.422755805829026485e+02 1.412172428199517526e+03
1.033979811786427263e+03 1.409039057606830966e+03
1.125217754545687967e+03 1.405913061760095161e+03
1.215984699480928157e+03 1.402794447329418063e+03
1.306275822892601354e+03 1.399683314583777928e+03
1.396086355493254359e+03 1.396579870684143316e+03
1.485411766580720268e+03 1.393484423162603889e+03
1.574247927417775145e+03 1.390397356939695783e+03
1.662591222799238039e+03 1.387319097818122827e+03
1.750438584389540665e+03 1.384250065024283231e+03
1.837787423473290119e+03 1.381190615044738024e+03
1.924635444342047776e+03 1.378140978718539827e+03
2.010980322700060697e+03 1.375101193294354744e+03
3.799104668051191993e+02 1.339684100998380018e+03
4.746676241456643766e+02 1.336731799830409500e+03
5.689847795531956081e+02 1.333786640919256570e+03
6.628548522538263796e+02 1.330849619851068837e+03
7.562726799480775526e+02 1.327921251069915343e+03
8.492339613224401091e+02 1.325001744305519424e+03
9.417345899903875761e+02 1.322091140098740425e+03
1.033770292832114137e+03 1.319189410365543836e+03
1.125336496830724627e+03 1.316296529233829460e+03
1.216428358366327529e+03 1.313412518757027101e+03
1.307040897662461703e+03 1.310537473546412230e+03
1.397169188803049337e+03 1.307671567864150802e+03
1.486808562562696352e+03 1.304815048274967012e+03
1.575954785318272570e+03 1.301968214560613205e+03
1.664604182625311523e+03 1.299131391252873982e+03
1.752753680730051201e+03 1.296304891833100555e+03
1.840400743420037543e+03 1.293488977375053764e+03
1.927543185258873564e+03 1.290683811169275259e+03
2.014178845462857907e+03 1.287889410657884582e+03
3.773405416459208936e+02 1.247568906507565316e+03
4.724489939810841861e+02 1.244842217959966092e+03
5.671135982539839233e+02 1.242124583735147553e+03
6.613275881996592034e+02 1.239416698045825342e+03
7.550860122867354676e+02 1.236718936782665878e+03
8.483846843623570066e+02 1.234031476869938388e+03
9.412195304988481439e+02 1.231354386157421004e+03
1.033586243314278363e+03 1.228687688521097925e+03
1.125480166430655800e+03 1.226031408264485890e+03
1.216896341825207173e+03 1.223385597395931882e+03
1.307829661760347335e+03 1.220750348898618540e+03
1.398275074871861989e+03 1.218125798703511009e+03
1.488227802966006720e+03 1.215512118715885663e+03
1.577683531227291041e+03 1.212909502928523352e+03
1.666638539962438472e+03 1.210318148374907651e+03
1.755089750785884007e+03 1.207738232429728669e+03
1.843034664363555748e+03 1.205169887748227893e+03
1.930471170542128903e+03 1.202613175947036325e+03
2.017397214961070858e+03 1.200068060964265442e+03
3.747998946333476624e+02 1.154778471421759605e+03
4.702589331469878289e+02 1.152281054820099598e+03
5.652705704398883881e+02 1.149794458874298925e+03
6.598281773722837897e+02 1.147319132730717683e+03
7.539270167621422161e+02 1.144855635411264984e+03
8.475627258990130031e+02 1.142403612883665801e+03
9.407313273694650206e+02 1.139963461467107891e+03
1.033428473836172316e+03 1.137535281312990492e+03
1.125649440744870844e+03 1.135119162800363938e+03
1.217389184833595209e+03 1.132715195793588464e+03
1.308642507387452270e+03 1.130323472183060630e+03
1.399404270884659581e+03 1.127944083553129076e+03
1.489669624808522030e+03 1.125577115550542203e+03
1.579434202687058587e+03 1.123222640289324772e+03
1.668694257962721622e+03 1.120880707920228133e+03
1.757446711175112341e+03 1.118551338311618565e+03
1.845689085237339896e+03 1.116234513630883157e+03
1.933419309371224244e+03 1.113930172478502982e+03
2.020635375600325460e+03 1.111638206108453232e+03
3.722894786631111401e+02 1.061314626404977389e+03
4.680984961961900126e+02 1.059050081612881513e+03
5.634568260268757740e+02 1.056798079567068726e+03
6.583577967320045445e+02 1.054558845503517432e+03
7.527965219542692239e+02 1.052332596927515851e+03
8.467688333011226405e+02 1.050119545538532975e+03
9.402707905079956845e+02 1.047920143421487182e+03
1.033297698731814080e+03 1.045734085308800331e+03
1.125844927826422236e+03 1.043561777161265582e+03
1.217907384659564741e+03 1.041403348405002134e+03
1.309479822491987079e+03 1.039258887596514114e+03
1.400557062333226895e+03 1.037128436309798417e+03
1.491134222523581684e+03 1.035011985555593810e+03
1.581206917884611130e+03 1.032909475341885809e+03
1.670771395447893610e+03 1.030820797852826217e+03
1.759824578761332305e+03 1.028745804609890456e+03
1.848363997164052535e+03 1.026684317882200276e+03
1.936387580286415414e+03 1.024636146530427595e+03
2.023893301435162812e+03 1.022601106398803608e+03
3.698102434712594686e+02 9.671785115804265160e+02
4.659685519242258351e+02 9.651504107314691510e+02
5.616731624445159241e+02 9.631366283354566349e+02
6.569171728565931971e+02 9.611371493577476031e+02
7.516955468495917785e+02 9.591521115407988418e+02
8.460040194304124270e+02 9.571817457500548016e+02
9.398384208520830043e+02 9.552263238874294302e+02
1.033194511953553047e+03 9.532863390847849132e+02
1.126067151602225977e+03 9.513615807430268205e+02
1.218451395331605454e+03 9.494524313360500400e+02
1.310341994066720645e+03 9.475589715357659770e+02
1.401733774415777589e+03 9.456811883105674497e+02
1.492621866449573190e+03 9.438189738200710508e+02
1.583001899954436112e+03 9.419721327431418558e+02
1.672870135500855895e+03 9.401403978361181544e+02
1.762223501777886668e+03 9.383234534763760166e+02
1.851059515137364997e+03 9.365209669135167587e+02
1.939376061245689016e+03 9.347326269251250324e+02
2.027171022220622262e+03 9.329581895551422122e+02
3.673632671926459352e+02 8.723717879142554921e+02
4.638699960464009564e+02 8.705836475000733117e+02
5.599203441712941185e+02 8.688117634322006779e+02
6.555069745628599094e+02 8.670558235213078433e+02
7.506245661930228152e+02 8.653158418023874674e+02
8.452686784517297838e+02 8.635920344754589451e+02
9.394350444791024302e+02 8.618847168912184316e+02
1.033119196201425211e+03 8.601942205327018200e+02
1.126316545773124744e+03 8.585210301192296356e+02
1.219021625842400908e+03 8.568649404622940438e+02
1.311229410392759064e+03 8.552262121551067366e+02
1.402934777711399647e+03 8.536047744942150075e+02
1.494132911006254744e+03 8.520004214538926135e+02
1.584819486431294990e+03 8.504128271153317655e+02
1.674990794693038652e+03 8.488415741273112189e+02
1.764643767068673242e+03 8.472861943157793121e+02
1.853775881271142453e+03 8.457462205944078733e+02
1.942384926646408985e+03 8.442212493631097914e+02
2.030468611751013668e+03 8.427110126162353936e+02
3.649497967763876431e+02 7.768964178087530854e+02
4.618037484021724595e+02 7.753516002955284421e+02
5.581990609679579620e+02 7.738252676680190234e+02
6.541277352877524436e+02 7.723167093751003449e+02
7.495840126719273258e+02 7.708257354336734579e+02
8.445631837898866934e+02 7.693524843618436080e+02
9.390608385261173225e+02 7.678972663327012924e+02
1.033072457046954923e+03 7.664604388711629781e+02
1.126593255294978235e+03 7.650423125830438948e+02
1.219618442395601278e+03 7.636432643942284813e+02
1.312142461692594907e+03 7.622629848739475165e+02
1.404160486776766447e+03 7.609015173249479176e+02
1.495667790414408501e+03 7.595585635392687891e+02
1.586660120939972103e+03 7.582336804094913987e+02
1.677133809282058564e+03 7.569263215418113759e+02
1.767085779042089143e+03 7.556358953730255053e+02
1.856513434486063716e+03 7.543618383443530320e+02
1.945414405464232914e+03 7.531037017835395773e+02
2.033786131927164206e+03 7.518612512380577755e+02
3.625714022557165208e+02 6.807548266342707848e+02
4.597708762981287691e+02 6.794563622943626342e+02
5.565100257776859962e+02 6.781790623855624744e+02
6.527799301180066323e+02 6.769216677737279042e+02
7.485742141049603333e+02 6.756836638829611275e+02
8.438877854980522670e+02 6.744650161623555960e+02
9.387160275568227235e+02 6.732659557381230115e+02
1.033054343882081184e+03 6.720868108486530446e+02
1.126897966361877479e+03 6.709278800051654343e+02
1.220241948846813557e+03 6.697893431414038332e+02
1.313081538531869910e+03 6.686713669174087045e+02
1.405411350082555145e+03 6.675734509934807193e+02
1.497226999483271129e+03 6.664953693676488911e+02
1.588524323778193775e+03 6.654365842848790180e+02
1.679299694188598551e+03 6.643964538486309266e+02
1.769550005317150408e+03 6.633743078174975381e+02
1.859272540797045849e+03 6.623695424074172706e+02
1.948464693868206723e+03 6.613817321864657970e+02
2.037123525115251141e+03 6.604107573004880578e+02
3.602302250266765213e+02 5.839502120441684383e+02
4.577727991601043414e+02 5.829005288076353963e+02
5.548541421490289167e+02 5.818753465458511300e+02
6.514641113614392225e+02 5.808726525980423503e+02
7.475955016157500950e+02 5.798914421445720109e+02
8.432426946503890122e+02 5.789313758021153262e+02
9.384007793919322467e+02 5.779925032579631079e+02
1.033065037365977560e+03 5.770750467098782792e+02
1.127230701402488876e+03 5.761792384130426399e+02
1.220892907987907392e+03 5.753052071279139454e+02
1.314046774384581113e+03 5.744529087149225006e+02
1.406687829443442070e+03 5.736222364721077156e+02
1.498811056612059019e+03 5.728124749325025959e+02
1.590412637560579924e+03 5.720231569699818692e+02
1.681488969966821287e+03 5.712535916535377964e+02
1.772036883343484078e+03 5.705030910621350131e+02
1.862053477567908885e+03 5.697710868141830360e+02
1.951535814777369069e+03 5.690572672676412367e+02
2.040480446372508140e+03 5.683617330954934914e+02
3.579293346310206516e+02 4.864870795547222997e+02
4.558115870036562001e+02 4.856876259986172499e+02
5.532327518315054249e+02 4.849169342760519612e+02
6.501811115645708696e+02 4.841719716663606050e+02
7.466483733359154940e+02 4.834510265235014685e+02
8.426282120559931172e+02 4.827532815482819615e+02
9.381153023071769894e+02 4.820784699523002246e+02
1.033104730071006998e+03 4.814266063316982809e+02
1.127591689574600196e+03 4.807977848066545903e+02
1.221571383134979897e+03 4.801920376576553053e+02
1.315039052991756080e+03 4.796092483064118142e+02
1.407990366794095053e+03 4.790492272461611947e+02
1.500420445722187651e+03 4.785112667355580243e+02
1.592325543538573129e+03 4.779948530134179236e+02
1.683702052310954741e+03 4.774993056374914886e+02
1.774546681490566243e+03 4.770239967463953690e+02
1.864856264202500824e+03 4.765684891176759947e+02
1.954627415819362341e+03 4.761326987011952951e+02
2.043856026005779768e+03 4.757170787664232421e+02
3.556732103635548583e+02 3.883720969030240440e+02
4.538903667974572045e+02 3.878228403630890853e+02
5.516479745155407954e+02 3.873078773981537779e+02
6.489323239741879661e+02 3.868228189180362051e+02
7.457337217769101017e+02 3.863649718905595591e+02
8.420449076797311818e+02 3.859328206817333466e+02
9.378599806870963675e+02 3.855256092599120166e+02
1.033173721683737540e+03 3.851430140045192729e+02
1.127981214779258380e+03 3.847848978142778833e+02
1.222277682554046123e+03 3.844511370802150623e+02
1.316058461875061994e+03 3.841415138813534895e+02
1.409319335819727257e+03 3.838557561347369074e+02
1.502055533349468988e+03 3.835931863675906470e+02
1.594263343586219207e+03 3.833532945649241128e+02
1.685939097883137947e+03 3.831354830927359671e+02
1.777079307216306233e+03 3.829392787433820331e+02
1.867680430732737705e+03 3.827644917905327020e+02
1.957738496023219568e+03 3.826114035871028136e+02
2.047248551684461290e+03 3.824809792418996039e+02
3.534683660648740897e+02 2.896153757896250909e+02
4.520138525434289249e+02 2.893141539337482300e+02
5.501031531643070593e+02 2.890544745641133204e+02
6.477200716594085179e+02 2.888301764473358162e+02
7.448531339872625949e+02 2.886372442272138414e+02
8.414938579044969629e+02 2.884731889417414550e+02
9.376355543931196053e+02 2.883365486289937962e+02
1.033272544505530050e+03 2.882264965426376193e+02
1.128399690431283034e+03 2.881425456837085903e+02
1.223012153050783127e+03 2.880843394343544333e+02
1.317105300116010312e+03 2.880515190597935771e+02
1.410674699662843068e+03 2.880436597345033078e+02
1.503716456573803498e+03 2.880603372195379279e+02
1.596226002136229454e+03 2.881009045185937794e+02
1.688199799394484444e+03 2.881649972044448305e+02
1.779634053929682523e+03 2.882524078858317580e+02
1.870524714631363167e+03 2.883633313482420135e+02
1.960867050313092022e+03 2.884985766145377966e+02
2.050655057935322020e+03 2.886598078111095447e+02
3.513241387402648570e+02 1.902323080483416788e+02
4.501890168504161238e+02 1.901740080189111950e+02
5.486034200313699785e+02 1.901667859257198643e+02
6.465480778690246098e+02 1.902022017604501798e+02
7.440092746987903638e+02 1.902745005820902406e+02
8.409769486007199930e+02 1.903798818990059090e+02
9.374433476941874233e+02 1.905159097637741752e+02
1.033402123091390877e+03 1.906810487249022117e+02
1.128847753657598105e+03 1.908743122133818133e+02
1.223775211668602878e+03 1.910950112445418654e+02
1.318179790754375745e+03 1.913425924973313386e+02
1.412057028354890690e+03 1.916165559037434605e+02
1.505402976840204474e+03 1.919164882614931003e+02
1.598212941555776979e+03 1.922419351935056966e+02
1.690483121911862554e+03 1.925927716483998893e+02
1.782209277044487408e+03 1.929691830250324074e+02
1.873386674907092356e+03 1.933719059955524244e+02
1.964009619452247989e+03 1.938024640524901088e+02
2.054070809286749409e+03 1.942634358897491893e+02
3.492536641901270968e+02 9.024610437655769601e+01
4.484259239565230928e+02 9.042163870445688190e+01
5.471564002928114405e+02 9.066079205999096757e+01
6.454220517108942659e+02 9.095223483779921025e+01
7.432063638736212852e+02 9.128796722734784908e+01
8.404972528908674576e+02 9.166246557312979348e+01
9.372855542597127396e+02 9.207199163160601074e+01
1.033563972261576282e+03 9.251404731975640061e+01
1.129326381002826565e+03 9.298695924975174876e+01
1.224567382743727876e+03 9.348957888625443502e+01
1.319282041913518242e+03 9.402108556012592544e+01
1.413465724446486547e+03 9.458088083663562884e+01
1.507114294021126398e+03 9.516858531492709972e+01
1.600222783556774175e+03 9.578400143425562874e+01
1.692786971285257096e+03 9.642734802280426720e+01
1.784801988467828778e+03 9.709934474401688931e+01
1.876262211117174502e+03 9.780144707824888428e+01
1.967160731500846850e+03 9.853610395894554586e+01
2.057488661586391572e+03 9.930705261656817129e+01
3.857676674545078868e+02 1.705217798113717436e+03
4.743588228279653549e+02 1.701604630461992201e+03
5.625759636422965286e+02 1.697995051088794753e+03
6.504111459091291181e+02 1.694392054287178780e+03
7.378589119311533295e+02 1.690797502337456535e+03
8.249153136807583451e+02 1.687212452196238246e+03
9.115772293207735402e+02 1.683637418991443610e+03
9.978419145092344706e+02 1.680072583969219977e+03
1.083706737155516066e+03 1.676517953710904294e+03
1.169169050540087483e+03 1.672973476693133534e+03
1.254226165255390242e+03 1.669439122594774972e+03
1.338875385344206961e+03 1.665914929153438152e+03
1.423114078371123924e+03 1.662401020835909094e+03
1.506939753022612877e+03 1.658897603104999689e+03
1.590350121246795879e+03 1.655404935634923277e+03
1.673343124964603703e+03 1.651923287443501977e+03
1.755916910054756045e+03 1.648452876567890598e+03
1.838069732676240164e+03 1.644993796607075865e+03
1.919799785080360834e+03 1.641545932185448237e+03
3.831892607250155152e+02 1.620270723255478515e+03
4.720945388877598816e+02 1.616844196644424301e+03
5.606206616137039873e+02 1.613424245752024490e+03
6.487606402093560973e+02 1.610013139463936568e+03
7.365097194533127549e+02 1.606612211712621956e+03
8.238644355459896360e+02 1.603222143802654955e+03
9.108219674688989471e+02 1.599843190931670961e+03
9.973797226609863174e+02 1.596475359803087258e+03
1.083535105068790472e+03 1.593118543469329097e+03
1.169285419978305981e+03 1.589772618863613388e+03
1.254627875672415257e+03 1.586437511867437479e+03
1.339559646953903666e+03 1.583113234213370333e+03
1.424077969998778826e+03 1.579799896032723382e+03
1.508180241919916853e+03 1.576497697419887572e+03
1.591864101883100147e+03 1.573206901994531336e+03
1.675127473677154057e+03 1.569927795095171859e+03
1.757968552343121246e+03 1.566660628928568940e+03
1.840385719855681600e+03 1.563405556725389488e+03
1.922377376960791480e+03 1.560162557710049214e+03
3.806378662554719767e+02 1.534731194883358285e+03
4.698556472890745681e+02 1.531495834333168204e+03
5.586897433147213405e+02 1.528269437775850975e+03
6.471339468405510615e+02 1.525053696734624964e+03
7.351840695852633871e+02 1.521849544369721798e+03
8.228370287496902620e+02 1.518657394182085000e+03
9.100902276262335135e+02 1.515477330423740796e+03
9.969411706409966882e+02 1.512309256338791329e+03
1.083387260205096936e+03 1.509153005675192844e+03
1.169425729216594618e+03 1.506008422293828062e+03
1.255053668788031018e+03 1.502875412151444380e+03
1.340268115854067446e+03 1.499753971441962904e+03
1.425066169809407256e+03 1.496644194240945808e+03
1.509445111302680516e+03 1.493546262605796073e+03
1.593402499824925599e+03 1.490460421734994043e+03
1.676936229833832613e+03 1.487386942479223080e+03
1.760044527894162002e+03 1.484326073221873230e+03
1.842725875733159228e+03 1.481277982902607846e+03
1.924978846245792511e+03 1.478242696742425778e+03
3.781129063134137596e+02 1.448600449913312787e+03
4.676420579884655808e+02 1.445560169445395104e+03
5.567834882682470834e+02 1.442530778565108903e+03
6.455316089665260506e+02 1.439513516002298729e+03
7.338826761687298585e+02 1.436509021446890074e+03
8.218338982606487662e+02 1.433517531096794301e+03
9.093828399250016901e+02 1.430539032572881979e+03
9.965270613045574919e+02 1.427573384527867802e+03
1.083263938953657089e+03 1.424620405669039656e+03
1.169590621786953534e+03 1.421679937371117830e+03
1.255504081072601593e+03 1.418751883569261281e+03
1.341001218686524453e+03 1.415836231187861813e+03
1.426079002416865706e+03 1.412933053973443293e+03
1.510734601148692036e+03 1.410042502255128966e+03
1.594965496327522942e+03 1.407164780849687531e+03
1.678769549249875581e+03 1.404300117056349109e+03
1.762145006508022561e+03 1.401448720445978779e+03
1.845090428368103176e+03 1.398610735936711535e+03
1.927604527024902154e+03 1.395786191460900682e+03
3.756143145888989920e+02 1.361879115561360322e+03
4.654540791494771383e+02 1.359037404904229106e+03
5.549024809409041836e+02 1.356208163158946491e+03
6.439543986174030579e+02 1.353392277189241895e+03
7.326064205168074750e+02 1.350590180276974024e+03
8.208559675328406229e+02 1.347802004680909249e+03
9.087007143312864628e+02 1.345027701403084848e+03
9.961382471235040157e+02 1.342267131664523959e+03
1.083165903785173896e+03 1.339520134065717684e+03
1.169780748825874753e+03 1.336786570936900489e+03
1.255979641666178168e+03 1.334066356963318640e+03
1.341759361945213413e+03 1.331359472796613318e+03
1.427116760237207927e+03 1.328665966030662275e+03
1.512048906667459960e+03 1.325985941624687939e+03
1.596553213547321775e+03 1.323319543594500601e+03
1.680627511348934149e+03 1.320666929561029974e+03
1.764270060163218432e+03 1.318028239540752566e+03
1.847479481273711826e+03 1.315403560182501906e+03
1.930254595674429311e+03 1.312792885496896588e+03
3.731423870122717972e+02 1.274567491963395014e+03
4.632922796085094888e+02 1.271927570040653791e+03
5.530474861289997079e+02 1.269301450179596713e+03
6.424032059762627114e+02 1.266689744233161264e+03
7.313562553190324707e+02 1.264092745695937310e+03
8.199041975090387950e+02 1.261510539116103246e+03
9.080447750118922841e+02 1.258943084769091911e+03
9.957755799851652228e+02 1.256390282238521650e+03
1.083093908372929491e+03 1.253852016108090993e+03
1.169996749243795648e+03 1.251328186574481833e+03
1.256480867171612090e+03 1.248818727441054762e+03
1.342542940828600422e+03 1.246323613641067368e+03
1.428179725705985675e+03 1.243842860163329988e+03
1.513388213066153867e+03 1.241376514009128186e+03
1.598165760925426184e+03 1.238924640593668528e+03
1.682510176124044847e+03 1.236487305815311856e+03
1.766419729410813943e+03 1.234064554848786429e+03
1.849893087999886120e+03 1.231656388572038622e+03
1.932929152287672878e+03 1.229262738408186578e+03
3.706976586575210604e+02 1.186665745736924464e+03
4.611573740860172848e+02 1.184230679330636576e+03
5.512193440141182919e+02 1.181810589986932200e+03
6.408789454903508158e+02 1.179405866600989839e+03
7.301331227256484908e+02 1.177016708589615291e+03
8.189795173297214887e+02 1.174643191646096057e+03
9.074159040782602688e+02 1.172285317061202704e+03
9.954398681621266860e+02 1.169943047364964514e+03
1.083048667778753270e+03 1.167616330690799032e+03
1.170239232933802668e+03 1.165305115950434356e+03
1.257008257523226575e+03 1.163009360630775518e+03
1.343352347248819797e+03 1.160729032778788678e+03
1.429268190762533550e+03 1.158464108524281528e+03
1.514752725707219270e+03 1.156214566300141769e+03
1.599803275088185046e+03 1.153980378752425167e+03
1.684417632728954231e+03 1.151761503186209893e+03
1.768594079488134412e+03 1.149557871265085851e+03
1.852331314489441183e+03 1.147369378570573417e+03
1.935628287885981536e+03 1.145195874530755873e+03
3.682808113358260016e+02 1.098174031928110253e+03
4.590501351658690510e+02 1.095946817264915126e+03
5.494188883672362635e+02 1.093735677257508314e+03
6.393824817755423737e+02 1.091540804022975180e+03
7.289378890995714073e+02 1.089362326923919909e+03
8.180827687821715699e+02 1.087200333772167824e+03
9.068148963121561792e+02 1.085054884193371890e+03
9.951318416478986819e+02 1.082926016977688505e+03
1.083030834507208965e+03 1.080813752982066717e+03
1.170508767446636739e+03 1.078718094921206102e+03
1.257562292994962263e+03 1.076639025183572357e+03
1.344187976709482427e+03 1.074576502633033897e+03
1.430382472970431536e+03 1.072530459202977227e+03
1.516142694691533961e+03 1.070500796955746637e+03
1.601465951969233856e+03 1.068487386163745896e+03
1.686350038079121532e+03 1.066490064867522278e+03
1.770793244209202385e+03 1.064508640278882467e+03
1.854794286944291343e+03 1.062542892321929685e+03
1.938352134827436657e+03 1.060592579540450515e+03
3.658926170647595200e+02 1.009092565454542296e+03
4.569713365701344401e+02 1.007076169700473656e+03
5.476468918128923633e+02 1.005076947652484705e+03
6.379145786478306945e+02 1.003094893498343367e+03
7.277712992258850591e+02 1.001130067763484476e+03
8.172146667656819545e+02 9.991825726508168373e+02
9.062424266616542354e+02 9.972525284703327770e+02
9.948521271829383750e+02 9.953400520114200845e+02
1.083040981308764685e+03 9.934452375496407512e+02
1.170805868586759516e+03 9.915681410403725522e+02
1.258143432391955912e+03 9.897087679316701951e+02
1.345050233698186730e+03 9.878670649256659999e+02
1.431522927533024131e+03 9.860429159297665365e+02
1.517558432747699271e+03 9.842361423639811164e+02
1.603154069662356960e+03 9.824465079273160200e+02
1.688307643605855446e+03 9.806737278727847524e+02
1.773017455413326161e+03 9.789174827959768663e+02
1.857282222623563484e+03 9.771774369050658606e+02
1.941100897476726004e+03 9.754532607096408583e+02
3.635339232524584077e+02 9.194216673761370657e+02
4.549217328239864173e+02 9.176190261324110224e+02
5.459040425512188222e+02 9.158347422068003425e+02
6.364758750254763982e+02 9.140685814801162223e+02
7.266339531064415951e+02 9.123205125376915703e+02
8.163757783182886669e+02 9.105906343750914402e+02
9.056990325007387810e+02 9.088791145045365738e+02
9.946012344387538633e+02 9.071861372952749889e+02
1.083079591697295655e+03 9.055118623238951159e+02
1.171130995412673201e+03 9.038563924652535206e+02
1.258752112444058184e+03 9.022197514195997883e+02
1.345939535162478478e+03 9.006018703451114789e+02
1.432689954335599850e+03 8.990025832460628408e+02
1.519000325132353510e+03 8.974216307540723392e+02
1.604868000291789713e+03 8.958586719322670433e+02
1.690290808038594605e+03 8.943133037288372407e+02
1.775267055440207514e+03 8.927850877066018711e+02
1.859795440638652281e+03 8.912735836780693717e+02
1.943874859799890146e+03 8.897783898805793115e+02
3.612056861710730118e+02 8.291618161850933575e+02
4.529020810428991126e+02 8.275757820317495543e+02
5.441909574814753796e+02 8.260094676391795474e+02
6.350668919049849137e+02 8.244623485854368710e+02
7.255263088452527427e+02 8.229342521338619463e+02
8.155665230515390931e+02 8.214252350338250608e+02
9.051851128738571788e+02 8.199354814674965155e+02
9.943795549863168617e+02 8.184652199037082028e+02
1.083147059239524424e+03 8.170146576725687737e+02
1.171484550153623559e+03 8.155839321285209280e+02
1.259388748388019394e+03 8.141730773241262114e+02
1.346856311547875066e+03 8.127820051713752036e+02
1.433883998999396454e+03 8.114105001211794388e+02
1.520468830045524555e+03 8.100582264443669374e+02
1.606608208932954540e+03 8.087247472486704964e+02
1.692299993785371043e+03 8.074095544154737354e+02
1.777542489744856539e+03 8.061121086872443584e+02
1.862334349406330603e+03 8.048318891814717517e+02
1.946674366095754067e+03 8.035684516493518004e+02
3.589090601189932386e+02 7.383137398931080497e+02
4.509132112895680393e+02 7.369469758082706221e+02
5.425082372826865367e+02 7.356015860357781548e+02
6.336880751287553721e+02 7.342766592832733750e+02
7.244487155531755889e+02 7.329718033669669239e+02
8.147871981757230060e+02 7.316869702877459076e+02
9.047009472002978328e+02 7.304223116903540358e+02
9.941873758502654255e+02 7.291780623364551275e+02
1.083243696774606633e+03 7.279544493913235783e+02
1.171866883584082188e+03 7.267516254830168236e+02
1.260053735686007713e+03 7.255696236423576693e+02
1.347801004771837370e+03 7.244083323720536782e+02
1.435105546764633800e+03 7.232674892240438567e+02
1.521964467836004815e+03 7.221466913859933356e+02
1.608375237328406001e+03 7.210454218909803785e+02
1.694335744135821869e+03 7.199630901692200950e+02
1.779844276363989593e+03 7.188990857574319762e+02
1.864899406964705577e+03 7.178528440705515550e+02
1.949499770566061670e+03 7.168239232222683768e+02
3.566455505966789588e+02 6.468785911140032567e+02
4.489561527495658311e+02 6.457334011783775622e+02
5.408565696922115649e+02 6.446116733972662587e+02
6.323398792378947064e+02 6.435119748785978118e+02
7.234014806726426059e+02 6.424335840859541804e+02
8.140380316724216527e+02 6.413762597680181443e+02
9.042467361949350106e+02 6.403400510625763218e+02
9.940249096438722063e+02 6.393251452115082429e+02
1.083369756831606537e+03 6.383317496154515993e+02
1.172278306426744621e+03 6.373600052273568508e+02
1.260747452780673257e+03 6.364099285340737424e+02
1.348774062386402193e+03 6.354813796056255342e+02
1.436355107827650727e+03 6.345740539040309613e+02
1.523487797011115163e+03 6.336874957384327445e+02
1.610169669816882561e+03 6.328211314320044494e+02
1.696398638119945872e+03 6.319743204295457417e+02
1.782172948491925581e+03 6.311464227238345757e+02
1.867491049842238681e+03 6.303368811146129929e+02
1.952351350852187352e+03 6.295453169373653282e+02
3.544172408573252824e+02 5.548582547094338224e+02
4.470323238719785195e+02 5.539363428596501535e+02
5.392368879895052487e+02 5.530405934699515456e+02
6.310228983468776960e+02 5.521688748479153901e+02
7.223849766500566147e+02 5.513199907323833031e+02
8.133192675880849265e+02 5.504933889921707078e+02
9.038226680744637633e+02 5.496889229139349027e+02
9.938923434932767123e+02 5.489066602504673256e+02
1.083525464631762588e+03 5.481467356239036235e+02
1.172719107383881692e+03 5.474092422670948963e+02
1.261470264729876817e+03 5.466941594429225688e+02
1.349775927042434432e+03 5.460013122078653396e+02
1.437633192537952482e+03 5.453303604846063308e+02
1.525039374769298547e+03 5.446808146808834863e+02
1.611992078523377586e+03 5.440520753399190426e+02
1.698489219414047056e+03 5.434434945333485985e+02
1.784528965912479180e+03 5.428544569121821723e+02
1.870109585590623510e+03 5.422844785165768826e+02
1.955229180020584863e+03 5.417333216124374076e+02
3.522270343547938865e+02 4.622555569656008174e+02
4.451436674870283241e+02 4.615577018214804639e+02
5.376505925486017077e+02 4.608898412297559162e+02
6.297380506946021796e+02 4.602483393053876171e+02
7.213997924706808362e+02 4.596316296842736620e+02
8.126312878860002229e+02 4.590386988180139269e+02
9.034290134647969808e+02 4.584690842136203628e+02
9.937899091948131627e+02 4.579226413211621320e+02
1.083711065191934267e+03 4.573993633421005143e+02
1.173189578425350874e+03 4.568992488632853792e+02
1.262222527496108341e+03 4.564222126914263526e+02
1.350807020207754931e+03 4.559680356913461310e+02
1.438940274611312816e+03 4.555363498214568381e+02
1.526619699438635735e+03 4.551266549146058651e+02
1.613842944439995335e+03 4.547383640742550597e+02
1.700607895187060421e+03 4.543708748474795129e+02
1.786912590457409806e+03 4.540236635997601979e+02
1.872755043440816962e+03 4.536964007542048876e+02
1.958132950754061767e+03 4.533890847717049155e+02
3.500793355002296039e+02 3.690762417253347394e+02
4.432935133525187439e+02 3.686018784039678167e+02
5.360996590270499382e+02 3.681618913622320406e+02
6.284865767253827471e+02 3.677520232676873775e+02
7.204469362246270521e+02 3.673697623276915465e+02
8.119747758091826881e+02 3.670129808452345515e+02
9.030662528091525019e+02 3.666809811053976773e+02
9.937179773084352519e+02 3.663732892987984542e+02
1.083926886186138290e+03 3.660896701721088675e+02
1.173690047988993911e+03 3.658299675818130936e+02
1.263004592584889224e+03 3.655939962583189526e+02
1.351867718907113840e+03 3.653814796656680528e+02
1.440276740231332269e+03 3.651920293297814624e+02
1.528229131824927435e+03 3.650251614503285964e+02
1.615722550555655289e+03 3.648803470115569780e+02
1.702754800219500112e+03 3.647570919690148230e+02
1.789323720014558830e+03 3.646550444151909005e+02
1.875426976810102133e+03 3.645741259204986591e+02
1.961061744692676712e+03 3.645146845094752734e+02
3.479801485998185626e+02 2.753281370696944350e+02
4.414862401494594906e+02 2.750748213702668181e+02
5.345877577843899644e+02 2.748620560073773049e+02
6.272713483605946294e+02 2.746840424557185543e+02
7.195280955997313868e+02 2.745370336475978092e+02
8.113509262786000136e+02 2.744181467696673735e+02
9.027352405011178007e+02 2.743259701577337637e+02
9.936771781753773212e+02 2.742595556489956152e+02
1.084173418374441098e+03 2.742183307192217399e+02
1.174220922774915152e+03 2.742019084108352445e+02
1.263816811631356586e+03 2.742099570286077324e+02
1.352958324041158903e+03 2.742421235092195957e+02
1.441642820590036763e+03 2.742980049625130050e+02
1.529867792044413136e+03 2.743771634176563339e+02
1.617630842661219049e+03 2.744791792911897801e+02
1.704929620996441372e+03 2.746037395302121240e+02
1.791761674881801810e+03 2.747507567767149794e+02
1.878124210567750652e+03 2.749205162519057239e+02
1.964013738957194619e+03 2.751138473756025178e+02
3.459379974562307325e+02 1.810240292316880186e+02
4.397283487993571498e+02 1.809867742853617756e+02
5.331195999432912913e+02 1.809982061280472863e+02
6.260957650900726321e+02 1.810505768876208776e+02
7.186456583772275053e+02 1.811384553042126981e+02
8.107617094854024344e+02 1.812582506564937148e+02
9.024374104366211213e+02 1.814072823983284479e+02
9.936685531616386697e+02 1.815840600752221690e+02
1.084451415573434588e+03 1.817875391899639226e+02
1.174782738838664955e+03 1.820170064036208259e+02
1.264659540422730743e+03 1.822719235966976612e+02
1.354079018600888958e+03 1.825518337282867378e+02
1.443038505053613335e+03 1.828563220554889313e+02
1.531535427932795983e+03 1.831850269102590119e+02
1.619567252858743359e+03 1.835376948036993099e+02
1.707131373767588457e+03 1.839142751438470214e+02
1.794224929447760587e+03 1.843150503168881187e+02
1.880844525048205469e+03 1.847407972980010982e+02
1.966985840868785090e+03 1.851929773306894731e+02
3.439646338628019748e+02 8.618336338416600029e+01
4.380290019312985805e+02 8.635382199911271073e+01
5.317022630858915591e+02 8.658364122637544824e+01
6.249652410659178940e+02 8.686263710806395011e+01
7.178043366810296675e+02 8.718345848086426031e+01
8.102101945386760917e+02 8.754095560483108329e+01
9.021750281975436110e+02 8.793141939728866419e+01
9.936937397731434203e+02 8.835242947833830840e+01
1.084762016320921248e+03 8.880230387258802693e+01
1.175376222708838213e+03 8.927988359018524989e+01
1.265533141714215390e+03 8.978434685706770324e+01
1.355229813819955552e+03 9.031509387848768711e+01
1.444463431727331681e+03 9.087169469564457813e+01
1.533231250577769060e+03 9.145389343648594149e+01
1.621530480131706554e+03 9.206166292985949440e+01
1.709358129772901520e+03 9.269530425344748892e+01
1.796710781267112452e+03 9.335558632591471451e+01
1.883584267772851945e+03 9.404392113779704232e+01
1.969973240739633638e+03 9.476257064868161706e+01
3.790403334547874010e+02 1.627784761974158073e+03
4.636209985489293786e+02 1.624518911793915549e+03
5.478618785215512617e+02 1.621264898135941621e+03
6.317575763233428461e+02 1.618024746268191848e+03
7.153046524839983249e+02 1.614799661492604400e+03
7.985008446537644886e+02 1.611590260270769704e+03
8.813446687697769448e+02 1.608397144168741761e+03
9.638344539507147601e+02 1.605219516564807236e+03
1.045968975868612233e+03 1.602057586756845240e+03
1.127746795976102476e+03 1.598911140331199022e+03
1.209166364674841134e+03 1.595779978710115756e+03
1.290226049620201593e+03 1.592663958571436297e+03
1.370924198110504221e+03 1.589563011636620331e+03
1.451259213422135872e+03 1.586477147347939081e+03
1.531229627384593186e+03 1.583406440666598201e+03
1.610834153640236536e+03 1.580351006965617671e+03
1.690071707933922198e+03 1.577310965761500256e+03
1.768941383456314043e+03 1.574286394824495801e+03
1.847442370747418636e+03 1.571277276026125037e+03
3.765854779226705205e+02 1.546347928724433586e+03
4.614432245285809131e+02 1.543254543166774056e+03
5.459572154712200245e+02 1.540174881748783719e+03
6.301227437326806466e+02 1.537110467685091862e+03
7.139368854680983532e+02 1.534062149487182523e+03
7.973977412128032256e+02 1.531030298521111717e+03
8.805039043380965040e+02 1.528014969002449789e+03
9.632541133539102702e+02 1.525016024998425564e+03
1.045647242200892151e+03 1.522033599732928678e+03
1.127681467081715027e+03 1.519066735570168021e+03
1.209355333691047235e+03 1.516115567381363689e+03
1.290667111393501273e+03 1.513179942065367186e+03
1.371615040339063626e+03 1.510259783944656874e+03
1.452197423403192715e+03 1.507355094908129104e+03
1.532412712534423463e+03 1.504465942004402677e+03
1.612259573839350196e+03 1.501592434220074210e+03
1.691736917657184222e+03 1.498734689971172656e+03
1.770843881572931650e+03 1.495892796653160303e+03
1.849579755816005218e+03 1.493066763432834705e+03
3.741555612261678334e+02 1.464392625553850621e+03
4.592895598256209269e+02 1.461475086700522525e+03
5.440762624872755850e+02 1.458572746832385974e+03
6.285115200515601828e+02 1.455686728989847552e+03
7.125928221761839723e+02 1.452817613438701301e+03
7.963185554653199461e+02 1.449965602050063353e+03
8.796874899162191923e+02 1.447130650654854207e+03
9.626984497036630728e+02 1.444312573387693419e+03
1.045350129489500887e+03 1.441511122584839995e+03
1.127641022035037849e+03 1.438726047396837657e+03
1.209569660631051192e+03 1.435957477776220685e+03
1.291133778533825307e+03 1.433204587435932126e+03
1.372331716575806922e+03 1.430467626232294606e+03
1.453161680292871097e+03 1.427746582503872560e+03
1.533622043763042029e+03 1.425041502508457825e+03
1.613711424721773483e+03 1.422352469889372287e+03
1.693428722756735624e+03 1.419679577736992087e+03
1.772773108438214422e+03 1.417022894393766592e+03
1.851743952756038652e+03 1.414382424008756061e+03
3.717504116887351984e+02 1.381918888896312865e+03
4.571601713739522665e+02 1.379180201628628993e+03
5.422194446280852844e+02 1.376457871094244410e+03
6.269245154004681808e+02 1.373752704018129862e+03
7.112731928251694171e+02 1.371065085395379811e+03
7.952640813049022199e+02 1.368395109876030801e+03
8.788960804979055865e+02 1.365742686770423006e+03
9.621680705903900162e+02 1.363107622118053314e+03
1.045078743499144366e+03 1.360489680868029836e+03
1.127626545321620370e+03 1.357888631865640491e+03
1.209809699495272525e+03 1.355304278023260395e+03
1.291626532603616624e+03 1.352736791799775119e+03
1.373074618518899115e+03 1.350185464269386557e+03
1.454152294932430095e+03 1.347650568549902800e+03
1.534857866180311930e+03 1.345132117601530354e+03
1.615189906184074061e+03 1.342630152178585377e+03
1.695147303042623662e+03 1.340144718210421615e+03
1.774729252673957490e+03 1.337675839622942931e+03
1.853935190784589849e+03 1.335223487426626207e+03
3.693701810898274971e+02 1.298926403243792265e+03
4.550554668398930289e+02 1.296369321830494073e+03
5.403873609593566698e+02 1.293829520661226070e+03
6.253624609988364682e+02 1.291307555748622690e+03
7.099788076569623172e+02 1.288803674129372666e+03
7.942351616040377849e+02 1.286317912213545469e+03
8.781305123411657405e+02 1.283850173531485098e+03
9.616637737759313040e+02 1.281400288730448665e+03
1.044833626559621507e+03 1.278968060336142116e+03
1.127638471991917868e+03 1.276553294493221529e+03
1.210076466519746646e+03 1.274155821630265791e+03
1.292145609594401549e+03 1.271775507755512081e+03
1.373843860956735170e+03 1.269412257876905642e+03
1.455169565684675263e+03 1.267066322975386356e+03
1.536120410132577263e+03 1.264737067489175615e+03
1.616695198851404712e+03 1.262424769198814829e+03
1.696892811400524124e+03 1.260129408229897308e+03
1.776712464275843558e+03 1.257850942883783091e+03
1.856153643850331719e+03 1.255589287980083782e+03
3.670152429650463546e+02 1.215414667964588034e+03
4.529759997748118394e+02 1.213041796477650223e+03
5.385806975725491839e+02 1.210686967557355047e+03
6.238261308546937016e+02 1.208350533412476125e+03
7.087104879168210800e+02 1.206032644495126760e+03
7.932326289281636491e+02 1.203733314533889597e+03
8.773915987538932768e+02 1.201452470896835393e+03
9.611863284370381280e+02 1.199189992524768286e+03
1.044615484724816270e+03 1.196945737398387337e+03
1.127677431879821825e+03 1.194719561256848692e+03
1.210370274319293003e+03 1.192511329066438293e+03
1.292691952434035329e+03 1.190320920543974580e+03
1.374640367305402833e+03 1.188148230867649772e+03
1.456213513012011845e+03 1.185993167556030812e+03
1.537409917879026580e+03 1.183855934470985176e+03
1.618227498203193363e+03 1.181735879704564468e+03
1.698665414630797159e+03 1.179633178021261074e+03
1.778722901355562271e+03 1.177547705859511325e+03
1.858399482396179565e+03 1.175479304720500068e+03
3.646861134061606435e+02 1.131383107192106991e+03
4.509223945328723175e+02 1.129196972352686771e+03
5.368001578352195793e+02 1.127029547797820214e+03
6.223162783305830317e+02 1.124881009478832311e+03
7.074690095077585283e+02 1.122751436217503624e+03
7.922572568607843095e+02 1.120640840882711473e+03
8.766800894983828130e+02 1.118549193010995623e+03
9.607364428995531398e+02 1.116476434475965107e+03
1.044424971475472375e+03 1.114422489598078755e+03
1.127744014555070407e+03 1.112387270897523649e+03
1.210691643802638964e+03 1.110370681526189628e+03
1.293265763960617960e+03 1.108372615267778656e+03
1.375464242243646822e+03 1.106392954865781803e+03
1.457285044740287503e+03 1.104431569325556438e+03
1.538726360851102299e+03 1.102488310737340953e+03
1.619787042643477434e+03 1.100563283203972787e+03
1.700465326692474264e+03 1.098655768246752132e+03
1.780760767731751912e+03 1.096765807020858119e+03
1.860672914390218466e+03 1.094893157338476385e+03
3.623833978220718564e+02 1.046831137322102677e+03
4.488952939976364860e+02 1.044834231877727234e+03
5.350464125263074493e+02 1.042856673682974133e+03
6.208335898717939472e+02 1.040898469692056779e+03
7.062550612613007388e+02 1.038959634919203836e+03
7.913097235530908620e+02 1.037040188937540506e+03
8.759966401618630698e+02 1.035140150146301721e+03
9.603147401944124795e+02 1.033259528749671972e+03
1.044262669662510689e+03 1.031398319243455035e+03
1.127838757706030719e+03 1.029556493077168625e+03
1.211041065245101890e+03 1.027733992046934191e+03
1.293867487447194890e+03 1.025930722876864820e+03
1.376315884899391676e+03 1.024146553361937322e+03
1.458384221468206078e+03 1.022381310372018106e+03
1.540070689555014042e+03 1.020634779953524799e+03
1.621374134493432393e+03 1.018906950387473444e+03
1.702292833097894345e+03 1.017197069333915692e+03
1.782826339885031075e+03 1.015505051685191802e+03
1.862974213910143590e+03 1.013830568754721412e+03
3.601077675478400124e+02 9.617582092879184756e+02
4.468953335337631643e+02 9.599530034400020213e+02
5.333200728314658363e+02 9.581678163523935154e+02
6.193786584575296956e+02 9.564024717443011241e+02
7.050692199945842731e+02 9.546569105425122643e+02
7.903905892986292656e+02 9.529311515764070464e+02
8.753417929429626838e+02 9.512252566073224216e+02
9.599217425513454600e+02 9.495392999447346938e+02
1.044129080021066784e+03 9.478733428243847356e+02
1.127962139819343520e+03 9.462274126579947051e+02
1.211418995124008916e+03 9.446014872092057431e+02
1.294497558635198175e+03 9.429954837043972020e+02
1.377195712466121904e+03 9.414092528490043605e+02
1.459511444680015074e+03 9.398425776887279426e+02
1.541442972823983837e+03 9.382951772297333264e+02
1.622988837261172876e+03 9.367667147116696924e+02
1.704148305023695229e+03 9.352570359523601837e+02
1.784919981584418110e+03 9.337652993496418503e+02
1.865303735331078315e+03 9.322913072994567756e+02
3.578599706672889624e+02 8.761638458046863889e+02
4.449231449981117521e+02 8.745527635311352697e+02
5.316216895348023854e+02 8.729624775031251147e+02
6.179519796433201009e+02 8.713925909329008164e+02
7.039119447807568122e+02 8.698429410144187841e+02
7.895002901425065147e+02 8.683135223570795915e+02
8.747159704673321130e+02 8.668044215953359526e+02
9.595578660659940624e+02 8.653157627035315045e+02
1.044024617129972739e+03 8.638476625412899921e+02
1.128114577684579672e+03 8.624001961557680715e+02
1.211825855247538357e+03 8.609733713721445838e+02
1.295156406405174494e+03 8.595671122120639893e+02
1.378104162182820573e+03 8.581812506907168654e+02
1.460667160317319031e+03 8.568155265561564420e+02
1.542843664385929287e+03 8.554695945488703046e+02
1.624632252251201180e+03 8.541430387750463069e+02
1.706031858484847589e+03 8.528353938030132895e+02
1.787042144256919983e+03 8.515463833598122392e+02
1.867661910900387284e+03 8.502751235460515318e+02
3.556408819512797663e+02 7.900476972406490859e+02
4.429793951131681524e+02 7.886330535786282780e+02
5.299517821480339990e+02 7.872401724409194230e+02
6.165539734072290230e+02 7.858683743272167703e+02
7.027835931468248418e+02 7.845173420969708786e+02
7.886391497677068401e+02 7.831870053235720661e+02
8.741194844273268245e+02 7.818774429784491531e+02
9.592234269088951351e+02 7.805888032154831535e+02
1.043949613777368995e+03 7.793212390994415273e+02
1.128296429293264737e+03 7.780748591931110241e+02
1.212262034369299954e+03 7.768496919861488550e+02
1.295844453108450580e+03 7.756456632141605496e+02
1.379041690215936796e+03 7.744625851790142406e+02
1.461851855887002102e+03 7.733001572407293907e+02
1.544273277686756728e+03 7.721579767074249503e+02
1.626304581502803103e+03 7.710355594026689232e+02
1.707944725906269923e+03 7.699323692391715213e+02
1.789193350905798297e+03 7.688480404881249797e+02
1.870049229182668114e+03 7.677816993606181768e+02
3.534515974146154349e+02 7.034096437497398711e+02
4.410648630302271158e+02 7.021935382038166154e+02
5.283109021706305839e+02 7.010004503779546212e+02
6.151850353971228742e+02 6.998293286117663001e+02
7.016844622335986514e+02 6.986796279124233706e+02
7.878074121607437519e+02 6.975511530174024983e+02
8.735525610425063405e+02 6.964439272939268903e+02
9.589186605915662085e+02 6.953580854469812493e+02
1.043904334787404423e+03 6.942937881627171919e+02
1.128508002745595832e+03 6.932511569588781413e+02
1.212727892476676061e+03 6.922302276489663200e+02
1.296562114336622926e+03 6.912309209526115410e+02
1.380008766821296604e+03 6.902530289013855054e+02
1.463066050750728436e+03 6.892962157975404125e+02
1.545732370877114590e+03 6.883600325831991995e+02
1.628006406578934048e+03 6.874439435698018315e+02
1.709887135614500039e+03 6.865473645624980463e+02
1.791373796939031081e+03 6.856697114920289096e+02
1.872466191519522226e+03 6.848106295767240681e+02
3.512935796667723025e+02 6.162499758550438855e+02
4.391805624962058801e+02 6.152341360589316537e+02
5.266997351801785499e+02 6.142429821820546749e+02
6.138456216056515586e+02 6.132749709466302193e+02
7.006148583096558013e+02 6.123292306986270432e+02
7.870052978478015575e+02 6.114053605370503419e+02
8.730153855617065801e+02 6.105032631833353207e+02
9.586437559671499002e+02 6.096230087205071868e+02
1.043889001466186073e+03 6.087647265730003028e+02
1.128749571824979057e+03 6.079285233209249100e+02
1.213223767933651516e+03 6.071144241481528070e+02
1.297309797846435231e+03 6.063223359129631262e+02
1.381005867054389455e+03 6.055520300041024484e+02
1.464310278427302364e+03 6.048031433049145562e+02
1.547221520328806264e+03 6.040751957345913752e+02
1.629738324106760047e+03 6.033676229694284530e+02
1.711859674532579220e+03 6.026798230690346827e+02
1.793584758846986233e+03 6.020112158435399579e+02
1.874913243267941198e+03 6.013614599498853295e+02
3.491688609827118626e+02 5.285696908871677806e+02
4.373279146928525734e+02 5.277552594539839674e+02
5.251192470164669430e+02 5.269677506955481476e+02
6.125363709783316608e+02 5.262049769651218867e+02
6.995751984290943710e+02 5.254656130049221474e+02
7.862330868136959907e+02 5.247489480292232429e+02
8.725081682758157058e+02 5.240546798954729866e+02
9.583989058221159212e+02 5.233827476026450540e+02
1.043903827938101585e+03 5.227331986887222683e+02
1.129021398950226285e+03 5.221060884046952424e+02
1.213749987647954185e+03 5.215014078227052323e+02
1.298087901288470675e+03 5.209190382926052507e+02
1.382033456172237720e+03 5.203587298959650980e+02
1.465585059559784213e+03 5.198201017608716938e+02
1.548741280853275839e+03 5.193026622962546526e+02
1.631500892739616120e+03 5.188058475821949287e+02
1.713862865429241992e+03 5.183290763140482795e+02
1.795826299266257820e+03 5.178718198443862093e+02
1.877390676153366940e+03 5.174338087423155912e+02
3.470803118584211688e+02 4.403709486439805687e+02
4.355089785477181294e+02 4.397582047683965811e+02
5.235708799518332626e+02 4.391753843607161798e+02
6.112582709933051319e+02 4.386194654940481996e+02
6.985661484653639945e+02 4.380885108620196888e+02
7.854912315726143106e+02 4.375813691871818492e+02
8.720312347854405743e+02 4.370974275620335447e+02
9.581843761129848644e+02 4.366364100183659502e+02
1.043949070767045214e+03 4.361982180502357096e+02
1.129323766267925294e+03 4.357828092090019254e+02
1.214306880417224647e+03 4.353901102481851240e+02
1.298896808307883020e+03 4.350199616238801354e+02
1.383091968727180074e+03 4.346720904554262006e+02
1.466890863995922700e+03 4.343461093231262566e+02
1.550292130532753390e+03 4.340415385270486013e+02
1.633294560286925844e+03 4.337578496551446960e+02
1.715897075691589407e+03 4.334945285119126765e+02
1.798098642993677004e+03 4.332511556421366095e+02
1.879898110752809544e+03 4.330275028494063463e+02
3.450319837506799558e+02 3.516577364485374346e+02
4.337267461304647895e+02 3.512457422496087247e+02
5.220568054408636272e+02 3.508676813073358289e+02
6.100128718445974982e+02 3.505194658251666624e+02
6.975888022452594441e+02 3.501983525399148220e+02
7.847805042552349732e+02 3.499025892610524124e+02
8.715851435720229574e+02 3.496311217409278242e+02
9.580005961195556665e+02 3.493833551696493487e+02
1.044025093391846440e+03 3.491589651209377507e+02
1.129657015703159232e+03 3.489577532614355277e+02
1.214894793588848643e+03 3.487795435792386343e+02
1.299736882492622726e+03 3.486241152910909022e+02
1.384181780190212294e+03 3.484911689548151799e+02
1.468228060200338632e+03 3.483803226469218544e+02
1.551874397779341507e+03 3.482911353675859800e+02
1.635119568037936460e+03 3.482231551087296566e+02
1.717962398304416411e+03 3.481759892680297526e+02
1.800401659130441203e+03 3.481493953143922226e+02
1.882435880331557655e+03 3.481433898107230789e+02
3.430295357421047129e+02 2.624368015521910138e+02
4.319855116547233820e+02 2.622229613398346828e+02
5.205802408220201869e+02 2.620483783815722063e+02
6.088025555201820680e+02 2.619076204899943150e+02
6.966449070531614325e+02 2.617969044453525385e+02
7.841021820153464432e+02 2.617136828497365286e+02
8.711708342574495418e+02 2.616563013264585607e+02
9.578482720255879030e+02 2.616237192921305450e+02
1.044132447052162661e+03 2.616152881710387419e+02
1.130021598845398330e+03 2.616305815065140905e+02
1.215514113142215365e+03 2.616692719565701282e+02
1.300608458537642491e+03 2.617310506452274694e+02
1.385303169756612078e+03 2.618155847805116991e+02
1.469596849956890537e+03 2.619225098486225534e+02
1.553488167904830107e+03 2.620514530544945728e+02
1.636975828902424155e+03 2.622020850049201499e+02
1.720058501013344539e+03 2.623741969243895937e+02
1.802734680480901034e+03 2.625678009583967878e+02
1.885002482291585466e+03 2.627832513565734871e+02
3.410806125434190790e+02 1.727186723278217642e+02
4.302910430237470791e+02 1.726981898258179626e+02
5.191458382103379563e+02 1.727242279423933269e+02
6.076308667986369301e+02 1.727891846086159831e+02
6.957371413813265235e+02 1.728882036162207214e+02
7.834582755447129330e+02 1.730177094520491892e+02
8.707898103088823518e+02 1.731752564497141975e+02
9.577285267012139229e+02 1.733592046368419233e+02
1.044271970041234454e+03 1.735684615658005896e+02
1.130418137607999142e+03 1.738022836677646410e+02
1.216165287269512646e+03 1.740601312975803694e+02
1.301511829870585643e+03 1.743415722067438764e+02
1.386456272776786136e+03 1.746462286984769889e+02
1.470997186026277404e+03 1.749737641867575348e+02
1.555133166109995727e+03 1.753239053041166926e+02
1.638862775539537324e+03 1.756964960847699331e+02
1.722184439121377636e+03 1.760915810935747459e+02
1.805096280280758720e+03 1.765095146804837896e+02
1.887595882909394049e+03 1.769510938175392312e+02
3.391960503446516668e+02 8.252045502579949243e+01
4.286522534390101100e+02 8.268567793889542372e+01
5.177601547829508490e+02 8.290645475387634633e+01
6.065029140011023401e+02 8.317339212481317645e+01
6.948694514734154382e+02 8.347984526908169300e+01
7.828518060223129851e+02 8.382093352732249514e+01
8.704443603557741653e+02 8.419319155452262748e+01
9.576430687507586299e+02 8.459419543013950715e+01
1.044444907296201791e+03 8.502226390392445410e+01
1.130847496664228402e+03 8.547622733960679398e+01
1.216848853490667580e+03 8.595525764758690457e+01
1.302447231843354302e+03 8.645875315897637847e+01
1.387641021017600224e+03 8.698627299224506260e+01
1.472428670093368282e+03 8.753751600552470791e+01
1.556808613381987243e+03 8.811233991696690282e+01
1.640779174139222732e+03 8.871081661681091646e+01
1.724338426777977702e+03 8.933332009199614276e+01
1.807484000324529916e+03 8.998064374092336948e+01
1.890212808068931508e+03 9.065414417575868811e+01
