3.751910318445488883e+02 1.912495617106452073e+03
4.652502417269795387e+02 1.918058989672758344e+03
5.560592915952157682e+02 1.923639236727058687e+03
6.476222349470501740e+02 1.929230216953120589e+03
7.399389413905026913e+02 1.934827976243421290e+03
8.330066457970992815e+02 1.940430206403108514e+03
9.268211050261355695e+02 1.946035727577818307e+03
1.021377383632467968e+03 1.951644008149191905e+03
1.116670301221260161e+03 1.957254738022708125e+03
1.212694634774116594e+03 1.962867400999915390e+03
1.309444846738693741e+03 1.968481305396326206e+03
1.406915155311557783e+03 1.974094997022630196e+03
1.505099044864134612e+03 1.979706555989599110e+03
1.603989102332757511e+03 1.985313698111008307e+03
1.703577017416150511e+03 1.990914163375899534e+03
1.803853978556866196e+03 1.996506357404044138e+03
1.904811678731586198e+03 2.002090292029060265e+03
2.006444184691650435e+03 2.007668877185825977e+03
2.108750968323576217e+03 2.013249623001216378e+03
3.705416229080484527e+02 1.821237670807156746e+03
4.608924056541740129e+02 1.826463922538667475e+03
5.520048175784787645e+02 1.831703432475277168e+03
6.438806556475645948e+02 1.836951624748203585e+03
7.365179850598602798e+02 1.842205866680346389e+03
8.299127035443661953e+02 1.847464963353885651e+03
9.240596932931621268e+02 1.852728670213723490e+03
1.018953636159832854e+03 1.857997165977026270e+03
1.114589184241344583e+03 1.863270922720213548e+03
1.210961392150949223e+03 1.868549927620045764e+03
1.308065302880480886e+03 1.873833699523321002e+03
1.405895655451903167e+03 1.879121048096015784e+03
1.504446450204442272e+03 1.884410032933598814e+03
1.603710554790941387e+03 1.889698078883117887e+03
1.703679499574313922e+03 1.894982280314421132e+03
1.804343642048411766e+03 1.900259931562162365e+03
1.905692915232302312e+03 1.905529325772032735e+03
2.007718415244759399e+03 1.910790869980881780e+03
2.110415129060060735e+03 1.916048570503485053e+03
3.658923937583325596e+02 1.729306563261357041e+03
4.565378590560540033e+02 1.734184355174610573e+03
5.479552760173164643e+02 1.739073235934849436e+03
6.401444381599461622e+02 1.743969913403763258e+03
7.331018178906888352e+02 1.748872804260994599e+03
8.268221523391484880e+02 1.753781572445459460e+03
9.212996564027034765e+02 1.758696614701021190e+03
1.016528523528900791e+03 1.763618900951279102e+03
1.112503654036178887e+03 1.768549184289915502e+03
1.209220421655480095e+03 1.773487934031153600e+03
1.306674476976389997e+03 1.778434998596683272e+03
1.404861282432802454e+03 1.783389424617711938e+03
1.503775541200039015e+03 1.788349386597496050e+03
1.603410641467606411e+03 1.793312252984598217e+03
1.703758264971211702e+03 1.798274818175895689e+03
1.804808340076694321e+03 1.803233734077954068e+03
1.906549555607126422e+03 1.808186179454095964e+03
2.008970692549771229e+03 1.813130810425567233e+03
2.112063077392371724e+03 1.818069041237108195e+03
3.612491850626494170e+02 1.636701775150939739e+03
4.521908143280049899e+02 1.641221926250509341e+03
5.439135340866147317e+02 1.645752212951394085e+03
6.364153841937694551e+02 1.650290357353366744e+03
7.296914441926282962e+02 1.654835561136766501e+03
8.237355090783738660e+02 1.659388033654465971e+03
9.185409984879850072e+02 1.663948839845970269e+03
1.014102078816394737e+03 1.668519137669028623e+03
1.110413723749212977e+03 1.673100077410230824e+03
1.207471749212407531e+03 1.677692423483747007e+03
1.305272476755893877e+03 1.682296297277339363e+03
1.403812170102566142e+03 1.686910994000249957e+03
1.503086342131928859e+03 1.691534893492269475e+03
1.603089053792441518e+03 1.696165487905497457e+03
1.703812354280273439e+03 1.700799552485668755e+03
1.805246043745014504e+03 1.705433489398927804e+03
1.907377976299011607e+03 1.710063878717372063e+03
2.010195162789681490e+03 1.714688275341814460e+03
2.113685980282058154e+03 1.719306295857274563e+03
3.566157486767177716e+02 1.543426266629368911e+03
4.478536442078760729e+02 1.547581255808459446e+03
5.398808482568980480e+02 1.551746443996033349e+03
6.326938981018709001e+02 1.555920318973316171e+03
7.262867391951302807e+02 1.560102561289919549e+03
8.206521029233167610e+02 1.564293928629167567e+03
9.157831008961439920e+02 1.568495551310192468e+03
1.011673670773504455e+03 1.572708837581927128e+03
1.108318954422421939e+03 1.576935098768009993e+03
1.205715221831394274e+03 1.581175267738106641e+03
1.303859470747279829e+03 1.585429662744828875e+03
1.402748777874459847e+03 1.589697811583915382e+03
1.502379498802780745e+03 1.593978353361029804e+03
1.602746438434229276e+03 1.598269037768057842e+03
1.703842141982155226e+03 1.602566844718619905e+03
1.805656489094616290e+03 1.606868250503628133e+03
1.908176810833962008e+03 1.611169670344160295e+03
2.011388791718070479e+03 1.615468111385481734e+03
2.115278467452415953e+03 1.619762074842662514e+03
3.519943375827026557e+02 1.449485138744853202e+03
4.435274434047622663e+02 1.453268612101423287e+03
5.358573891625289889e+02 1.457063188911945190e+03
6.289795367766245135e+02 1.460867848608482518e+03
7.228866100158822974e+02 1.464682757241333320e+03
8.175708219713383187e+02 1.468508644168428191e+03
9.130247776355176939e+02 1.472346744166541384e+03
1.009242285336733289e+03 1.476198460868457005e+03
1.106218649331585766e+03 1.480065102228937121e+03
1.203950561460668496e+03 1.483947639584892158e+03
1.302435648795285260e+03 1.487846501056643092e+03
1.401671752905595440e+03 1.491761411818041552e+03
1.501656038045414334e+03 1.495691295776284960e+03
1.602384050565022335e+03 1.499634255474688189e+03
1.703848880666239893e+03 1.503587649593513788e+03
1.806040610691019992e+03 1.507548290308411651e+03
1.908946272030118735e+03 1.511512786009843694e+03
2.012550576059713876e+03 1.515478058530485669e+03
2.116837733938660676e+03 1.519442068115837174e+03
3.473862451315725366e+02 1.354884685399756791e+03
4.392125466426399498e+02 1.358290991736958631e+03
5.318427296664715413e+02 1.361709987199662464e+03
6.252711768127857113e+02 1.365141022500142299e+03
7.194898011398892095e+02 1.368584378876126721e+03
8.144902050427733684e+02 1.372040749578031637e+03
9.102646226052158909e+02 1.375511228420166617e+03
1.006806742007772527e+03 1.378997042294696257e+03
1.104111994222967724e+03 1.382499343465518905e+03
1.202177422896357257e+03 1.386019016834244212e+03
1.301001192047414406e+03 1.389556510724783493e+03
1.400581807229085598e+03 1.393111701220595705e+03
1.500917147819965521e+03 1.396683801775370512e+03
1.602003433588480902e+03 1.400271331727536335e+03
1.703834278012312552e+03 1.403872159507881179e+03
1.806400014560075533e+03 1.407483638766777176e+03
1.909687520806604425e+03 1.411102858395334351e+03
2.013680809484075098e+03 1.414727030508845928e+03
2.118362706067207910e+03 1.418354043940511929e+03
3.427922782815320488e+02 1.259631798232766869e+03
4.349089891520605988e+02 1.262655576403891928e+03
5.278363558729832903e+02 1.265694111078828428e+03
6.215678498104724667e+02 1.268747130180049680e+03
7.160949922001697132e+02 1.271814744117826194e+03
8.114088280975835232e+02 1.274897504308601810e+03
9.075012762243666202e+02 1.277996211579586998e+03
1.004365898202757990e+03 1.281111770709515213e+03
1.101998192620385453e+03 1.284245046248385734e+03
1.200395453868597087e+03 1.287396724865839587e+03
1.299556252299333892e+03 1.290567190512776506e+03
1.399479611583156839e+03 1.293756419861915674e+03
1.500163981591129868e+03 1.296963906838364665e+03
1.601606131077563077e+03 1.300188626580890286e+03
1.703800114370395022e+03 1.303429050910858223e+03
1.806736500697855945e+03 1.306683229353378920e+03
1.910402094271618353e+03 1.309948951981570190e+03
2.014780418453406583e+03 1.313224012870269917e+03
2.119853288974418319e+03 1.316506595783790090e+03
3.382131475323311633e+02 1.163733674875187717e+03
4.306169713334578546e+02 1.166369473195836918e+03
5.238377506660068548e+02 1.169022609156804492e+03
6.178688086838737945e+02 1.171692820378032138e+03
7.127011903297101298e+02 1.174380150775456741e+03
8.083255899186988245e+02 1.177084851567125725e+03
9.047336650861861926e+02 1.179807319190915223e+03
1.001918835547424123e+03 1.182548025644190830e+03
1.099876592010859895e+03 1.185307443800527381e+03
1.198604355021535412e+03 1.188085970906419561e+03
1.298100940412259661e+03 1.190883854208507273e+03
1.398365707743316307e+03 1.193701123522111402e+03
1.499397490993947713e+03 1.196537536539354960e+03
1.601193437254586115e+03 1.199392543805963669e+03
1.703747909733001279e+03 1.202265281588012385e+03
1.807051646562566020e+03 1.205154602323371591e+03
1.911091407282347518e+03 1.208059154029675483e+03
2.015850385112523782e+03 1.210977521946022534e+03
2.121309716018233303e+03 1.213908447846639774e+03
3.336497540474863399e+02 1.067197767435495507e+03
4.263368425783645534e+02 1.069439945667820211e+03
5.198471292042016785e+02 1.071702151128803735e+03
6.141738852739406411e+02 1.073984261458527271e+03
7.093079963431896431e+02 1.076286167666716210e+03
8.052399510244750900e+02 1.078607768113557540e+03
9.019612057168724277e+02 1.080948991711523604e+03
9.994650211733251126e+02 1.083309809166482864e+03
1.097746796019637259e+03 1.085690232965652285e+03
1.196803937043743190e+03 1.088090307198515575e+03
1.296635323305304610e+03 1.090510088743171082e+03
1.397240441219628337e+03 1.092949621874150580e+03
1.498618291135018580e+03 1.095408908959298060e+03
1.600766192985746329e+03 1.097887880624626860e+03
1.703678649853573916e+03 1.100386369590652293e+03
1.807346464258327160e+03 1.102904093336386950e+03
1.911756343336820692e+03 1.105440651844671947e+03
2.016891276446773190e+03 1.107995547943449083e+03
2.122732022916017740e+03 1.110568239202599671e+03
3.291034335289226647e+02 9.700318556748813990e+02
4.220697570392144371e+02 9.718743708974039919e+02
5.158653399638557175e+02 9.737395822707449042e+02
6.104836903566013007e+02 9.756275972293784662e+02
7.059157988675696060e+02 9.775381824970517073e+02
8.021521134982993999e+02 9.794708918628671199e+02
8.991839622524610149e+02 9.814251789375500721e+02
9.970044360374073449e+02 9.834004936144694966e+02
1.095608756899742048e+03 9.853963610269954643e+02
1.194994171681545822e+03 9.874124418897382611e+02
1.295159428779118116e+03 9.894485732410169021e+02
1.396103916228961225e+03 9.915047887733981042e+02
1.497826563236980064e+03 9.935813181548118109e+02
1.600324634956597720e+03 9.956785650120128821e+02
1.703592582315042137e+03 9.977970635794050622e+02
1.807621145550911478e+03 9.999374144189453091e+02
1.912396952494736297e+03 1.002100200101690916e+03
2.017902901207394507e+03 1.004285882320558017e+03
2.124119672182203431e+03 1.006494682590601997e+03
3.245756414985313540e+02 8.722443747683680613e+02
4.178174077740123948e+02 8.736807581927937463e+02
5.118940175722783579e+02 8.751423382351708824e+02
6.067997101472820987e+02 8.766295407699159341e+02
7.025258801703146219e+02 8.781421095633780851e+02
7.990631277651650635e+02 8.796793297487429300e+02
8.964027464325730534e+02 8.812402336345768390e+02
9.945376611307481198e+02 8.828237858407821932e+02
1.093462841777426547e+03 8.844290445577260016e+02
1.193175232772963909e+03 8.860552955228145038e+02
1.293673257138942972e+03 8.877021551052738459e+02
1.394955974889739082e+03 8.893696386860494840e+02
1.497021999718562483e+03 8.910581903177380809e+02
1.599868306449175179e+03 8.927686694518044987e+02
1.703489094501243471e+03 8.945022903301282895e+02
1.807874910426165115e+03 8.962605094587072472e+02
1.913012276046547868e+03 8.980448564174308785e+02
2.018884118609876850e+03 8.998567031161281875e+02
2.125471356465444842e+03 9.016969664894121479e+02
3.200682832370899860e+02 7.738443055038031844e+02
4.135819975188152284e+02 7.748680016581598693e+02
5.079355191725167060e+02 7.759189100952037279e+02
6.031242785090199732e+02 7.769979888597317768e+02
6.991404153349595845e+02 7.781051390145707956e+02
7.959749104998887788e+02 7.792395265255847789e+02
8.936191467330104388e+02 7.803998837680849192e+02
9.920659111490592750e+02 7.815847858393408387e+02
1.091309865102294225e+03 7.827928963844973396e+02
1.191347522766204975e+03 7.840231771279925397e+02
1.292176798250218781e+03 7.852750547471343907e+02
1.393796202612057414e+03 7.865485381262017199e+02
1.496203797211733900e+03 7.878442783857688028e+02
1.599396038960104534e+03 7.891635633901694291e+02
1.703366686680004477e+03 7.905082376934869899e+02
1.808105976625808580e+03 7.918805380884607530e+02
1.913600319875180048e+03 7.932828340705476649e+02
2.019832825573412947e+03 7.947172616184348044e+02
2.126785012724632907e+03 7.961852377199468265e+02
3.155830103460364171e+02 6.748412720700005138e+02
4.093659418081651893e+02 6.754460173793447666e+02
5.039926929210383832e+02 6.760791676040682887e+02
5.994604014783793673e+02 6.767425159003644239e+02
6.957623441042422883e+02 6.774363852222957121e+02
7.928901558006125470e+02 6.781600504855875897e+02
8.908354717027873448e+02 6.789121374747624031e+02
9.895910037533042214e+02 6.796909917784092841e+02
1.089151078637653427e+03 6.804950102647394488e+02
1.189511679425074590e+03 6.813229267626460341e+02
1.290670052272163502e+03 6.821740426856205204e+02
1.392623961666484320e+03 6.830483923199309402e+02
1.495370703452391581e+03 6.839468313867349707e+02
1.598906014787179402e+03 6.848710362720554485e+02
1.703223054779251243e+03 6.858233999899258606e+02
1.808311669486325627e+03 6.868068094930440566e+02
1.914158200901405962e+03 6.878242873617964506e+02
2.020746152312428421e+03 6.888784791757135508e+02
2.128058082866430595e+03 6.899709659896145695e+02
3.111206892810437239e+02 5.752450845640291845e+02
4.051713522180120890e+02 5.754255512368263226e+02
5.000684494798510968e+02 5.756343744506762050e+02
5.958114078520671910e+02 5.758745794499916428e+02
6.923950921281882529e+02 5.761472644693144503e+02
7.898121194836807035e+02 5.764521241107216838e+02
8.880545906170843864e+02 5.767879463090987429e+02
9.871152509377734532e+02 5.771530741654266876e+02
1.086988109080020422e+03 5.775458228428344682e+02
1.187668556564402024e+03 5.779648405215878029e+02
1.289153051867941713e+03 5.784094010863425410e+02
1.391438454907585992e+03 5.788796147597694244e+02
1.494521124442838982e+03 5.793765412879232599e+02
1.598395921674806004e+03 5.799021885102582701e+02
1.703055298936511235e+03 5.804593771954635031e+02
1.808488693479780977e+03 5.810514508765779738e+02
1.914682493692606840e+03 5.816818070569469228e+02
2.021620899440580160e+03 5.823532235627927776e+02
2.129288060526504523e+03 5.830669509672175082e+02
3.066805053026415635e+02 4.750647787364101760e+02
4.009992640578687997e+02 4.748174635809555184e+02
4.961651038901001129e+02 4.745966997211930902e+02
5.921803964007899594e+02 4.744072392880249254e+02
6.890421154936959738e+02 4.742514012883158330e+02
7.867442538295829308e+02 4.741296960932143065e+02
8.852796523860113211e+02 4.740414199570524261e+02
9.846412572281810753e+02 4.739852087222263890e+02
1.084822832002618497e+03 4.739595384479199538e+02
1.185819171691041220e+03 4.739631591283612124e+02
1.287625883176954176e+03 4.739954459235681270e+02
1.390238821600035180e+03 4.740566503949114576e+02
1.493653298773977895e+03 4.741480321002625260e+02
1.597863211652138261e+03 4.742718485383425104e+02
1.702860275538304904e+03 4.744311788165064172e+02
1.808633589126696279e+03 4.746295535260104543e+02
1.915169807267297074e+03 4.748703601169497688e+02
2.022454253432095811e+03 4.751559895423471289e+02
2.130473368147804649e+03 4.754866860554897130e+02
3.022587421152881006e+02 3.743068874926253784e+02
3.968485686959202212e+02 3.736312644205742117e+02
4.922834513782239583e+02 3.729779964959764129e+02
5.885694467661993485e+02 3.723541579088945355e+02
6.857062392463767537e+02 3.717638279861233741e+02
7.836896673099224699e+02 3.712088155325562866e+02
8.825136612482534701e+02 3.706893491053224352e+02
9.821716074351925272e+02 3.702047201142655695e+02
1.082657169260825867e+03 3.697538638712164811e+02
1.183964612338292682e+03 3.693358617404844608e+02
1.286088702247607898e+03 3.689503453529742956e+02
1.389024267242425822e+03 3.685977814133077572e+02
1.492765546513714526e+03 3.682796129279818160e+02
1.597305477327609879e+03 3.679982296853135040e+02
1.702635112250630982e+03 3.677567374944534322e+02
1.808743401437963712e+03 3.675584920079910489e+02
1.915617625368334302e+03 3.674063588745514153e+02
2.023244821335564666e+03 3.673016574547751816e+02
2.131614613430369445e+03 3.672427403430532422e+02
2.978471892559374510e+02 2.729726844171128732e+02
3.927146061349779984e+02 2.718726361871159725e+02
4.884215364142991120e+02 2.707875811127504448e+02
5.849785572200825072e+02 2.697276120902596404e+02
6.823887571155160003e+02 2.686992027291540808e+02
7.806503807259505265e+02 2.677060290001510339e+02
8.797588851052886412e+02 2.667497520229364909e+02
9.797084244689622210e+02 2.658307464695539011e+02
1.080492795261190622e+03 2.649487569108943035e+02
1.182105891661013402e+03 2.641034620391193357e+02
1.284541742959037265e+03 2.632949240313290602e+02
1.387794229202648921e+03 2.625238973502952149e+02
1.491856600616516289e+03 2.617919679745250505e+02
1.596720960126360978e+03 2.611014903772260141e+02
1.702377907487393486e+03 2.604552854934330526e+02
1.808816588763961136e+03 2.598560583844563325e+02
1.916025447031768408e+03 2.593054892827379945e+02
2.023994030084648330e+03 2.588029461276569236e+02
2.132716279639786080e+03 2.583437605284470919e+02
2.934311239228444492e+02 1.710540994468615281e+02
3.885873684295748944e+02 1.695396401085986327e+02
4.845730696784788734e+02 1.680287046618426530e+02
5.814042681879666361e+02 1.665352022263416529e+02
6.790882557872887446e+02 1.650687275659697661e+02
7.776263477612139923e+02 1.636354760570902727e+02
8.770160693901838158e+02 1.622391141361566724e+02
9.772527752557734857e+02 1.608815871079063982e+02
1.078330735561565689e+03 1.595638436437732253e+02
1.180243742491097464e+03 1.582864534513782928e+02
1.282985311698149644e+03 1.570500914177214327e+02
1.386548579864337853e+03 1.558558579851950299e+02
1.490926029388283041e+03 1.547054015715979176e+02
1.596109206279565115e+03 1.536008044497118590e+02
1.702088637883355204e+03 1.525441886114401768e+02
1.808854203904706537e+03 1.515369927039804452e+02
1.916396268173684348e+03 1.505788650840863738e+02
2.024707940634723627e+03 1.496661113286501177e+02
2.133788910210657832e+03 1.487896270971582453e+02
5.611112235194291316e+02 1.744294416536514973e+03
6.444220045137010402e+02 1.748351551164934335e+03
7.283062251501377204e+02 1.752424689162007780e+03
8.127610220828444199e+02 1.756514134645727154e+03
8.977832432344350764e+02 1.760620743440361821e+03
9.833699211115092567e+02 1.764745660415334441e+03
1.069518532666648071e+03 1.768890078535499015e+03
1.156227067843809891e+03 1.773055025889161925e+03
1.243493934808608401e+03 1.777241187852286203e+03
1.331317736577997948e+03 1.781448772555984306e+03
1.419696961441638450e+03 1.785677428963369493e+03
1.508629638340188649e+03 1.789926228146279527e+03
1.598113018380419135e+03 1.794193719798991424e+03
1.688143355087307555e+03 1.798478077653271384e+03
1.778715869002528734e+03 1.802777349287229754e+03
1.869824997041708002e+03 1.807089827871857324e+03
1.961465043847969582e+03 1.811414565698381921e+03
2.053631371481159022e+03 1.815752051903896017e+03
2.146322285444125100e+03 1.820105079691762057e+03
5.578786562084692378e+02 1.660100554153840449e+03
6.414326471938001077e+02 1.663880679814558334e+03
7.255636304093929994e+02 1.667677002223119871e+03
8.102680703688355379e+02 1.671490223760798699e+03
8.955423922771237812e+02 1.675321512401957534e+03
9.813834467789479277e+02 1.679172262484978546e+03
1.067788751949457492e+03 1.683043873371079826e+03
1.154756534340356438e+03 1.686937551531411827e+03
1.242285596795779611e+03 1.690854142408755934e+03
1.330375047513442496e+03 1.694793999312822962e+03
1.419023932565482710e+03 1.698756897640414081e+03
1.508230822943488420e+03 1.702742003877533534e+03
1.597993417302760463e+03 1.706747910155545014e+03
1.688308233119484612e+03 1.710772746614642074e+03
1.779170472128334495e+03 1.714814385494295948e+03
1.870574160886583059e+03 1.718870752742624063e+03
1.962512684347573895e+03 1.722940265037846530e+03
2.054979849681937139e+03 1.727022412470350218e+03
2.147971639549329211e+03 1.731118509771296431e+03
5.546393970318097217e+02 1.575395426319548733e+03
6.384359774881125986e+02 1.578895135819613188e+03
7.228127769261443518e+02 1.582411581233246125e+03
8.077656786258412467e+02 1.585945713425626082e+03
8.932907506544034959e+02 1.589498872827928835e+03
9.793847059664067274e+02 1.593072577290112349e+03
1.066045130858290122e+03 1.596668324149648925e+03
1.153270503321060914e+03 1.600287411328597727e+03
1.241060028781359051e+03 1.603930782989472391e+03
1.329413327538592284e+03 1.607598906095118764e+03
1.418330016015713454e+03 1.611291685140969093e+03
1.507809232879183128e+03 1.615008423372426932e+03
1.597849171302444347e+03 1.618747839980109347e+03
1.688446690317901357e+03 1.622508154096876297e+03
1.779597091516396404e+03 1.626287247920512073e+03
1.871294162524703097e+03 1.630082922973651876e+03
1.963530605959587319e+03 1.633893265409376227e+03
2.056298992188251304e+03 1.637717138400028944e+03
2.149593396516618668e+03 1.641554822034085191e+03
5.513930287165176196e+02 1.490183073432718857e+03
6.354311389912531922e+02 1.493399554411253803e+03
7.200525190702908276e+02 1.496633574863999911e+03
8.052525541138741119e+02 1.499886195971334473e+03
8.910270090338826776e+02 1.503158799999632265e+03
9.773724878827771363e+02 1.506452908676678589e+03
1.064286653140318549e+03 1.509770012240471260e+03
1.151768226230845585e+03 1.513111413241137825e+03
1.239816796602953673e+03 1.516478089804055116e+03
1.328432473586795140e+03 1.519870583776793865e+03
1.417615423135230913e+03 1.523288919993830632e+03
1.507365340592625216e+03 1.526732563812729268e+03
1.597680920975092022e+03 1.530200425116606311e+03
1.688559400063436669e+03 1.533690918154498831e+03
1.779996253100710192e+03 1.537202087919517226e+03
1.871985153269400143e+03 1.540731815261862266e+03
1.964518309643515295e+03 1.544278114619207827e+03
2.057587324241370879e+03 1.547839540141872476e+03
2.151184730450301686e+03 1.551415718118119230e+03
5.481386799954235585e+02 1.404467661840252731e+03
6.324169076093257900e+02 1.407398434303183876e+03
7.172814151011272088e+02 1.410347753457620001e+03
8.027271674178812191e+02 1.413316668147755763e+03
8.887496713538218955e+02 1.416306484828184239e+03
9.753454381998267309e+02 1.419318619684430814e+03
1.062512198283403904e+03 1.422354457989925322e+03
1.150248888581974825e+03 1.425415224039067652e+03
1.238555440652759671e+03 1.428501865532486818e+03
1.327432403081473467e+03 1.431614956902349604e+03
1.416880440635275590e+03 1.434754626761954114e+03
1.506899761454923009e+03 1.437920515455328314e+03
1.597489534096280750e+03 1.441111769580601504e+03
1.688647368211228695e+03 1.444327081378326511e+03
1.780368946343037805e+03 1.447564782026799321e+03
1.872647909925800377e+03 1.450822999186435254e+03
1.965476120372327159e+03 1.454099890601613197e+03
2.058844436389912516e+03 1.457393967220307786e+03
2.152744171690869734e+03 1.460704521150321852e+03
5.448752992223430738e+02 1.318253118413902257e+03
6.293919452194772930e+02 1.320895790195463405e+03
7.144979571244429053e+02 1.323558175101446068e+03
8.001879551096440082e+02 1.326241206314224428e+03
8.864572267621551873e+02 1.328946013591928249e+03
9.733021970184108795e+02 1.331673812127234669e+03
1.060720642451883123e+03 1.334425795285761751e+03
1.148711671010956707e+03 1.337203033813225829e+03
1.237275494435513110e+03 1.340006384542552951e+03
1.326413027625598033e+03 1.342836412138084597e+03
1.416125357322754098e+03 1.345693327992029708e+03
1.506413131739266646e+03 1.348576951047413331e+03
1.597275933395857237e+03 1.351486696072024642e+03
1.688711709587467567e+03 1.354421595760358286e+03
1.780716348794978330e+03 1.357380364007680328e+03
1.873283507227909467e+03 1.360361508795808277e+03
1.966404807776384359e+03 1.363363504369096972e+03
2.060070554256971263e+03 1.366385033778341494e+03
2.154271127276820607e+03 1.369425314448354811e+03
5.416018945706005070e+02 1.231542969155493665e+03
6.263550243549294692e+02 1.233895019421451025e+03
7.117007764404476120e+02 1.236268075635064861e+03
7.976335021077512693e+02 1.238662875008885067e+03
8.841483055230660284e+02 1.241080290134159668e+03
9.712415250561433595e+02 1.243521257328469119e+03
1.058910951906396349e+03 1.245986705558879748e+03
1.147155807117158929e+03 1.248477487765541809e+03
1.235976504269891393e+03 1.250994316755399495e+03
1.325374232292116403e+03 1.253537708232475097e+03
1.415350401016574551e+03 1.256107933986880880e+03
1.505906001543046386e+03 1.258704988786876129e+03
1.597040944245577066e+03 1.261328575115415561e+03
1.688753449624002997e+03 1.263978110574138555e+03
1.781039581330261626e+03 1.266652763554081957e+03
1.873893026842458539e+03 1.269351523655233450e+03
1.967305249676845960e+03 1.272073314339229910e+03
2.061266158014223947e+03 1.274817156435470224e+03
2.155765528233245732e+03 1.277582129613765574e+03
5.383177343267028618e+02 1.144340352602109078e+03
6.233052181081854997e+02 1.146398953602362781e+03
7.088888191651884654e+02 1.148479953498202349e+03
7.950626993195085106e+02 1.150583839795933045e+03
8.818218151898661290e+02 1.152711171356146906e+03
9.691624150864824969e+02 1.154862548722753218e+03
1.057082266688104482e+03 1.157038581746661976e+03
1.145580636636362669e+03 1.159239855547474690e+03
1.234658049485475203e+03 1.161466896100724625e+03
1.324315860696246773e+03 1.163720137022035033e+03
1.414555686696907969e+03 1.165999889448516114e+03
1.505378744601664948e+03 1.168306317297847272e+03
1.596785165152075933e+03 1.170639420623605247e+03
1.688773355018767688e+03 1.172999030289123993e+03
1.781339498987391607e+03 1.175384817759929319e+03
1.874477436178803600e+03 1.177796082387532806e+03
1.968178251566240760e+03 1.180232778310543608e+03
2.062431745548286017e+03 1.182694132828699139e+03
2.157227191358384971e+03 1.185179752896672653e+03
5.350224999819489540e+02 1.056648172927688165e+03
6.202420487082081308e+02 1.058410060236064510e+03
7.060614863455375598e+02 1.060195814320135923e+03
7.924748715628463742e+02 1.062005649205995496e+03
8.794770528365010023e+02 1.063839780671471090e+03
9.670641852350597674e+02 1.065698440772907134e+03
1.055233972009137688e+03 1.067581886377032561e+03
1.143985652253145417e+03 1.069490401938427567e+03
1.233319762311158456e+03 1.071424296903022196e+03
1.323237705971824653e+03 1.073383898284648694e+03
1.413741176974952850e+03 1.075369539158920134e+03
1.504831487091268627e+03 1.077381544051083665e+03
1.596508864212129538e+03 1.079420212467076453e+03
1.688771797695046416e+03 1.081485802135412769e+03
1.781616665943935459e+03 1.083578295777286485e+03
1.875036874727346230e+03 1.085698267393423066e+03
1.969023890148259625e+03 1.087845553713339541e+03
2.063567231702381832e+03 1.090020149367410795e+03
2.158655971855662301e+03 1.092222003437595959e+03
5.317163839180184368e+02 9.684693509993646785e+02
6.171655874002478868e+02 9.699307524327538204e+02
7.032187320428919293e+02 9.714175333538880750e+02
7.898698701063017324e+02 9.729296436955727359e+02
8.771137885681351918e+02 9.744669570976776640e+02
9.649465502587185028e+02 9.760293315506966110e+02
1.053365754405964935e+03 9.776166607115120541e+02
1.142370538070170596e+03 9.792289153034643050e+02
1.231961346469023056e+03 9.808661740443127428e+02
1.322139507700956528e+03 9.825286435901937239e+02
1.412906656012229405e+03 9.842166670436970435e+02
1.504264057679600455e+03 9.859307206524837284e+02
1.596212088700559207e+03 9.876711955878865865e+02
1.688748816281078234e+03 9.894391878514079508e+02
1.781870656233364116e+03 9.912352219751890061e+02
1.875571293156431466e+03 9.930600308682551258e+02
1.969842002771412581e+03 9.949142823590213993e+02
2.064672297715793775e+03 9.967985047782775609e+02
2.160051284698268773e+03 9.987130026347704188e+02
5.284001224679491315e+02 8.798071241488107717e+02
6.140764973301172631e+02 8.809637574207653188e+02
7.003611120246279143e+02 8.821472861690106129e+02
7.872481234230984910e+02 8.833574417526208435e+02
8.747323148867810687e+02 8.845937897430420662e+02
9.628096663897702001e+02 8.858558382816397625e+02
1.051477639275262391e+03 8.871431336956084124e+02
1.140735197425946808e+03 8.884553419257078986e+02
1.230582593276907801e+03 8.897923142375823318e+02
1.321020954756897709e+03 8.911541356055093956e+02
1.412051718056864502e+03 8.925411540740271903e+02
1.503676163681408298e+03 8.939538057552532564e+02
1.595893882456343817e+03 8.953933413580815568e+02
1.688703417127488592e+03 8.968606661633618842e+02
1.782100863573083188e+03 8.983570298223901318e+02
1.876079848222857436e+03 8.998837415563853028e+02
1.970631663780380222e+03 9.014420453690731847e+02
2.065745949094313801e+03 9.030329622694250702e+02
2.161412094865252129e+03 9.046570972981178329e+02
5.250749540003038192e+02 7.906653369533132718e+02
6.109760100977882757e+02 7.915124858704932649e+02
6.974897747654862314e+02 7.923879893221148905e+02
7.846106389223589304e+02 7.932914444508596716e+02
8.723334557630137169e+02 7.942221784806818050e+02
9.606541447155666447e+02 7.951794060354422982e+02
1.049570005916939408e+03 7.961623701801340758e+02
1.139079767380558224e+03 7.971704648441022982e+02
1.229183393819670073e+03 7.982033360855657520e+02
1.319881693912125911e+03 7.992609594403379560e+02
1.411175771798735241e+03 8.003436903639624234e+02
1.503066574820733194e+03 8.014521252614322293e+02
1.595553405654745575e+03 8.025877308119775080e+02
1.688634544158035851e+03 8.037518198778429905e+02
1.782305903394218603e+03 8.049461145979757930e+02
1.876561033261134071e+03 8.061724422374186361e+02
1.971391299758689001e+03 8.074325458966984570e+02
2.066786621943180307e+03 8.087278392011282904e+02
2.162736952392525382e+03 8.100590993862008418e+02
5.217424904096135378e+02 7.010486557689118854e+02
6.078658254867398227e+02 7.015813344010168748e+02
6.946063854130043183e+02 7.021436828989417336e+02
7.819589474870874710e+02 7.027352897763598776e+02
8.699185284507859706e+02 7.033553514569246090e+02
9.584810273740804405e+02 7.040028794185274137e+02
1.047643575649770355e+03 7.046768873576038459e+02
1.137404616766062873e+03 7.053765550978928331e+02
1.227763745469424975e+03 7.061013656436152814e+02
1.318721343934319293e+03 7.068512114204202135e+02
1.410278278403626246e+03 7.076263229518026492e+02
1.502434387545134996e+03 7.084278752615203985e+02
1.595189215935326047e+03 7.092571017786253833e+02
1.688540470210110016e+03 7.101158173181390794e+02
1.782483825595815233e+03 7.110061470240696053e+02
1.877012759014131916e+03 7.119303398815305854e+02
1.972118793410174248e+03 7.128905104008413218e+02
2.067792316315037624e+03 7.138883001330705156e+02
2.164024163018295440e+03 7.149244498828149972e+02
5.184044889873304101e+02 6.109626289866591833e+02
6.047479225834864565e+02 6.111758427069084973e+02
6.917129722004563064e+02 6.114197757265840210e+02
7.792949816043624196e+02 6.116941767734807627e+02
8.674892501700174989e+02 6.119982586089843153e+02
9.562917200715423860e+02 6.123309554426541581e+02
1.045699367934619886e+03 6.126911564485387771e+02
1.135710324218930282e+03 6.130779111255142197e+02
1.226323750714514290e+03 6.134906017886041809e+02
1.317539754530328082e+03 6.139289517864275467e+02
1.409357919419807104e+03 6.143936263190033742e+02
1.501778255004029461e+03 6.148854983892326800e+02
1.594799544493047506e+03 6.154061544059918560e+02
1.688419074298007217e+03 6.159576795987825335e+02
1.782632255548018748e+03 6.165425020229665733e+02
1.877432529721021183e+03 6.171631531956752497e+02
1.972811701019177690e+03 6.178219347954875502e+02
2.068760862751931199e+03 6.185204797576450346e+02
2.165272113095448731e+03 6.192591948878509811e+02
5.150625100801161125e+02 5.204135028470575435e+02
6.016242690625498426e+02 5.203026144221976210e+02
6.888116834851794010e+02 5.202230615356315866e+02
7.766208767067205372e+02 5.201749668253299888e+02
8.650475807605816954e+02 5.201577474060651411e+02
9.540878735592804105e+02 5.201704225366952414e+02
1.043738618730757253e+03 5.202118932012804180e+02
1.133997632069764450e+03 5.202811883104443496e+02
1.224863605890808230e+03 5.203776716358039494e+02
1.316336065991159330e+03 5.205010980228922790e+02
1.408413972633625008e+03 5.206521457410684661e+02
1.501096693662689177e+03 5.208318192386066130e+02
1.594382432733305450e+03 5.210418606247859543e+02
1.688268021973515943e+03 5.212845359316531813e+02
1.782748623024794142e+03 5.215624402599956966e+02
1.877817726781542888e+03 5.218781992871765851e+02
1.973467598437742708e+03 5.222340534468366968e+02
2.069690339774252607e+03 5.226313095956096504e+02
2.166479769522288734e+03 5.230696433336473774e+02
5.117174442010040138e+02 4.294076889859597941e+02
5.984964138114729622e+02 4.289688969590910119e+02
6.859044421360810020e+02 4.285614002395901707e+02
7.739386840428745700e+02 4.281859550217441210e+02
8.625954912706124560e+02 4.278424123983490972e+02
9.518712057339669173e+02 4.275300757522979893e+02
1.041762654513839152e+03 4.272480255454102007e+02
1.132267371353641920e+03 4.269954051139521880e+02
1.223383576991799828e+03 4.267716603402971032e+02
1.315110190540050780e+03 4.265766405529785743e+02
1.407445507908022819e+03 4.264110638236476234e+02
1.500388218804634107e+03 4.262760464619053664e+02
1.593935926688748850e+03 4.261734202790803465e+02
1.688085023379896938e+03 4.261055131972068466e+02
1.782830489924387166e+03 4.260749090133263053e+02
1.878166013617065346e+03 4.260840819770589860e+02
1.974084572160493963e+03 4.261348891825217606e+02
2.070579662014010864e+03 4.262279018633704482e+02
2.167647377742339813e+03 4.263615545648558509e+02
5.083688903268061949e+02 3.379507645202470485e+02
5.953649462923821147e+02 3.371816999385380313e+02
6.829924823769606519e+02 3.364429426054045962e+02
7.712499819469240947e+02 3.357361883826376925e+02
8.601346471693445892e+02 3.350619936614548351e+02
9.496432549376550014e+02 3.344201813841563080e+02
1.039772714490554335e+03 3.338102095527186748e+02
1.130520352515153490e+03 3.332314946676893896e+02
1.221884217931788726e+03 3.326836128442849940e+02
1.313861866524230891e+03 3.321667854588312139e+02
1.406451712320107163e+03 3.316815888506184820e+02
1.499651522614700980e+03 3.312292888654917533e+02
1.593458335516910893e+03 3.308117175962743204e+02
1.687868178059770116e+03 3.304311095185560134e+02
1.782875988743426660e+03 3.300898078227795622e+02
1.878475876780598810e+03 3.297898225523946394e+02
1.974661873825102248e+03 3.295322200338557650e+02
2.071429360835910302e+03 3.293163207283256497e+02
2.168777383404475131e+03 3.291386800241542687e+02
5.050143649738697604e+02 2.460458682180060350e+02
5.922288040639990641e+02 2.449463142670775824e+02
6.800757523960598974e+02 2.438747587076376249e+02
7.685553707637743628e+02 2.428341894836728443e+02
8.576659934569559027e+02 2.418261806409777819e+02
9.474050538196679554e+02 2.408513452564351383e+02
1.037769712544574986e+03 2.399097454784910042e+02
1.128757215607247645e+03 2.390012508782461964e+02
1.220365273404485833e+03 2.381257861083934131e+02
1.312590935011536885e+03 2.372837543051156217e+02
1.405432015763158461e+03 2.364758732590231602e+02
1.498885698829713874e+03 2.357034208868382166e+02
1.592948560957176824e+03 2.349681091607768622e+02
1.687616416454078262e+03 2.342718784155497360e+02
1.782884384984643248e+03 2.336165405117881164e+02
1.878747319941424394e+03 2.330032491435534894e+02
1.975200758433096780e+03 2.324317730315696053e+02
2.072242581656008952e+03 2.318995449156552695e+02
2.169875606078742294e+03 2.314004561210894053e+02
5.016483192741063704e+02 1.536913369207635469e+02
5.890844077021887415e+02 1.522640741885614943e+02
6.771521640395371833e+02 1.508607104623428086e+02
7.658538348983122432e+02 1.494859235403860112e+02
8.551892273664450386e+02 1.481426569913699041e+02
9.451567117687175141e+02 1.468326175699860414e+02
1.035753929330293431e+03 1.455567238234283423e+02
1.126978232913193551e+03 1.443154957568259533e+02
1.218827152987336149e+03 1.431093443275225354e+02
1.311297370270657439e+03 1.419389289574530721e+02
1.404386241119050510e+03 1.408051117348533126e+02
1.498090518217990621e+03 1.397091081142430085e+02
1.592406505230205767e+03 1.386523491362376035e+02
1.687330048985002577e+03 1.376362239516009822e+02
1.782856778007548883e+03 1.366616482171903044e+02
1.878982729097586798e+03 1.357284331038629261e+02
1.975705528738293651e+03 1.348344266604549375e+02
2.073026324774200475e+03 1.339743959462524572e+02
2.170952696515268144e+03 1.331386146425654715e+02
7.198362829719280853e+02 1.600701302914886583e+03
7.970972937662932054e+02 1.603729169535640722e+03
8.747982178652166567e+02 1.606780513255431742e+03
9.529373679679825955e+02 1.609856726656418232e+03
1.031513680319541436e+03 1.612959215950294265e+03
1.110526759797889554e+03 1.616089282969986925e+03
1.189976816927682194e+03 1.619248021469901914e+03
1.269864513939576682e+03 1.622436230642708551e+03
1.350190740143557832e+03 1.625654349164321957e+03
1.430956340467450218e+03 1.628902413535180585e+03
1.512161825087762736e+03 1.632180045001077360e+03
1.593807092714437431e+03 1.635486469917438171e+03
1.675891376865601387e+03 1.638820236233101241e+03
1.758412408307049191e+03 1.642180698493148157e+03
1.841367526226870268e+03 1.645566088965965037e+03
1.924753144439097241e+03 1.648975136167517121e+03
2.008565437390543138e+03 1.652406997934308265e+03
2.092801179374098865e+03 1.655861627355191558e+03
2.177459019686158626e+03 1.659340229688277304e+03
7.175580792773006351e+02 1.522773869448519690e+03
7.950152489522070027e+02 1.525579087497183309e+03
8.729136117854068289e+02 1.528408187241382166e+03
9.512513896283924169e+02 1.531262571699629461e+03
1.030027549752763207e+03 1.534143644274337703e+03
1.109241839335013537e+03 1.537052704180192450e+03
1.188894707613484570e+03 1.539990853604641416e+03
1.268987132796624792e+03 1.542958919123321266e+03
1.349520373970234914e+03 1.545957390252366849e+03
1.430495671859249569e+03 1.548986378426417559e+03
1.511914132546979545e+03 1.552045274443853714e+03
1.593775566133596840e+03 1.555134073844096065e+03
1.676079531308282640e+03 1.558251433333988189e+03
1.758824261198670911e+03 1.561396092967003824e+03
1.842006863495778816e+03 1.564566666798337337e+03
1.925623489328632331e+03 1.567761823783003365e+03
2.009669770387195058e+03 1.570980528828511524e+03
2.094141601674691628e+03 1.574222353058286444e+03
2.179036358539844059e+03 1.577487863508516284e+03
7.152615477937544028e+02 1.444456019339590057e+03
7.929141526914546603e+02 1.447037342911116639e+03
8.710092700219507833e+02 1.449642934354321596e+03
9.495450467888656476e+02 1.452274135001868217e+03
1.028520483063896336e+03 1.454932280404020275e+03
1.107935458392386408e+03 1.457618610850627874e+03
1.187790641853864599e+03 1.460334191090635613e+03
1.268087302848749459e+03 1.463079841385317650e+03
1.348827042874851486e+03 1.465856082345359255e+03
1.430011690420934883e+03 1.468662794889929273e+03
1.511642053067832649e+03 1.471500418650544589e+03
1.593718957988088277e+03 1.474368112627714936e+03
1.676242000007320712e+03 1.477265030031243441e+03
1.759209573940255723e+03 1.480190068861151758e+03
1.842618800978351373e+03 1.483141974493823909e+03
1.926465653311865481e+03 1.486119486250727277e+03
2.010745344922453114e+03 1.489121534928443680e+03
2.095453066577352729e+03 1.492147499194938973e+03
2.180585154476767002e+03 1.495197529794773573e+03
7.129452868824536154e+02 1.365749980978980375e+03
7.907925679504814980e+02 1.368106212089042401e+03
8.690837919082850931e+02 1.370487066703091159e+03
9.478170406823142002e+02 1.372893760232376280e+03
1.026991340976476067e+03 1.375327501656102413e+03
1.106606685163528255e+03 1.377789420674253734e+03
1.186663932058367664e+03 1.380280501551876569e+03
1.267164864192116511e+03 1.382801232304901987e+03
1.348110836586632786e+03 1.385352742770512805e+03
1.429504077342551000e+03 1.387934971316437668e+03
1.511346185364413259e+03 1.390547859852089687e+03
1.593638049157877049e+03 1.393191045752825175e+03
1.676379515799034380e+03 1.395863883297027087e+03
1.759569145217604273e+03 1.398565491103579689e+03
1.843204101350931069e+03 1.401294830139222313e+03
1.927280239690260942e+03 1.404050817502941982e+03
2.011792459774220788e+03 1.406832481911951618e+03
2.096735401419604386e+03 1.409639167620035550e+03
2.182104575064411165e+03 1.412470794403943955e+03
7.106079427055838096e+02 1.286657367389458159e+03
7.886491181346550547e+02 1.288787230960706665e+03
8.671358407496984455e+02 1.290942043046242816e+03
9.460661325262831269e+02 1.293122838536352674e+03
1.025439034328944672e+03 1.295330649167864067e+03
1.105254623906157576e+03 1.297566448721085635e+03
1.185514185743438702e+03 1.299830827979992364e+03
1.266218867234814979e+03 1.302125060554198853e+03
1.347371125425998571e+03 1.304449377611649425e+03
1.428973169811318485e+03 1.306804078815558341e+03
1.511026876975457981e+03 1.309189225407529875e+03
1.593533396456574337e+03 1.311604635803979590e+03
1.676492794874936635e+03 1.314049897505720764e+03
1.759903783254233531e+03 1.316524398550475553e+03
1.843763579572259687e+03 1.319027382213277861e+03
1.928067966653433814e+03 1.321558029196571397e+03
2.012811614679520062e+03 1.324115572157371162e+03
2.097988747982820314e+03 1.326699448101097005e+03
2.183594247549110605e+03 1.329309494939375782e+03
7.082483274425055697e+02 1.207179179815215321e+03
7.864825935437349926e+02 1.209081213367362125e+03
8.651642368552109019e+02 1.211008499088115059e+03
9.442912215636840756e+02 1.212961848056431336e+03
1.023862585656887177e+03 1.214942073779195880e+03
1.103878752140859206e+03 1.216949698912097574e+03
1.184340214630999981e+03 1.218985965954253516e+03
1.265249176923967980e+03 1.221051218259754933e+03
1.346607970284135945e+03 1.223145946411046452e+03
1.428419009236176635e+03 1.225270493534129855e+03
1.510684382732268205e+03 1.227425039748455902e+03
1.593405442601470668e+03 1.229609595083923978e+03
1.676582428328962578e+03 1.231824002968210607e+03
1.760214173554096078e+03 1.234067956723514271e+03
1.844297946889700142e+03 1.236341031893290847e+03
1.928829487862560654e+03 1.238642737652273809e+03
2.013803308081232217e+03 1.240972591042981321e+03
2.099213338291123364e+03 1.243330218335900099e+03
2.185054013932712678e+03 1.245715488436021815e+03
7.058655182714772991e+02 1.127315911765721921e+03
7.842920414363316013e+02 1.128988374289216154e+03
8.631680370125856143e+02 1.130686386994035729e+03
9.424914123832932091e+02 1.132410506755474216e+03
1.022261182906768454e+03 1.134161299086081272e+03
1.102477772260061556e+03 1.135939093606708184e+03
1.183141752471259224e+03 1.137744898375611001e+03
1.264255396005469720e+03 1.139578969432159283e+03
1.345821144549990322e+03 1.141441751794583297e+03
1.427841541710503407e+03 1.143333622206790324e+03
1.510318813646804074e+03 1.145254876919976368e+03
1.593254445208424841e+03 1.147205722833602522e+03
1.676648791062871624e+03 1.149186273375222072e+03
1.760500767747903410e+03 1.151196550747430820e+03
1.844807679906694375e+03 1.153236496454823509e+03
1.929565242295189364e+03 1.155305992348690552e+03
2.014767868612038001e+03 1.157404894797314000e+03
2.100409308935138142e+03 1.159533085010644299e+03
2.186483729713298089e+03 1.161690539026125407e+03
7.034589342826698157e+02 1.047067733346241539e+03
7.820768372256275143e+02 1.048508537775256627e+03
8.611465982892441389e+02 1.049975203798911480e+03
9.406660697684266097e+02 1.051468018089298084e+03
1.020634524449315450e+03 1.052987065170723554e+03
1.101051446602396709e+03 1.054533109471080479e+03
1.181918329312436072e+03 1.056106265883538299e+03
1.263237145891664113e+03 1.057706901784203637e+03
1.345010370730487693e+03 1.059335404751601800e+03
1.427240594153087841e+03 1.060992176753559534e+03
1.509930097274659602e+03 1.062677625986600106e+03
1.593080421129540809e+03 1.064392156866982077e+03
1.676691970083646538e+03 1.066136158808729760e+03
1.760763696090277563e+03 1.067909994582608988e+03
1.845292917800392843e+03 1.069713989234107885e+03
1.930275337013766148e+03 1.071548420751439835e+03
2.015705324586645020e+03 1.073413513920271498e+03
2.101576558839899917e+03 1.075309439084569703e+03
2.187883111901253869e+03 1.077236317857438507e+03
7.010283881241305153e+02 9.664347326672142344e+02
7.798367340026795773e+02 9.676414062750961875e+02
8.590996237549788930e+02 9.688742852825984073e+02
9.388151829812372853e+02 9.701331826433702190e+02
1.018981638786178337e+03 9.714185491103900176e+02
1.099599406171351120e+03 9.727302451154339451e+02
1.180669578652890323e+03 9.740684152554961202e+02
1.262194073212750027e+03 9.754332883877137874e+02
1.344175316271630436e+03 9.768251877648116306e+02
1.426615858871128012e+03 9.782445343949501648e+02
1.509517950711297090e+03 9.796918433996426074e+02
1.592883107812849630e+03 9.811677131848680347e+02
1.676711714418048132e+03 9.826728072928507345e+02
1.761002706407091864e+03 9.842078288669208632e+02
1.845753391094699282e+03 9.857734877414894754e+02
1.930959466904416331e+03 9.873704602657668374e+02
2.016615316229592736e+03 9.889993420860140532e+02
2.102714655928820321e+03 9.906605942498118793e+02
2.189251642535967221e+03 9.923544831603899183e+02
6.985741087737404769e+02 8.854171876925372544e+02
7.775718872171567000e+02 8.863868646057538854e+02
8.570271873992808196e+02 8.873831383800475123e+02
9.369380823828646498e+02 8.884055921226172359e+02
1.017302745373672906e+03 8.894543716164839680e+02
1.098121476146390478e+03 8.905291264982329267e+02
1.179395249728048384e+03 8.916298061965251236e+02
1.261125856431217017e+03 8.927565023846591430e+02
1.343315593891866229e+03 8.939094727695782012e+02
1.425966887230706334e+03 8.950891539409294637e+02
1.509081867464100014e+03 8.962961624238917011e+02
1.592661943508763216e+03 8.975312830429443238e+02
1.676707409079590434e+03 8.987954436687915631e+02
1.761217132570491685e+03 9.000896753880695087e+02
1.846188385743905656e+03 9.014150571062496056e+02
1.931616875858397407e+03 9.027726435694069096e+02
2.017497055872313922e+03 9.041633757715970887e+02
2.103822798727564987e+03 9.055879727029895321e+02
2.190588534611331852e+03 9.070468033914289663e+02
6.960967313725383292e+02 8.040158380128900717e+02
7.752828509343164569e+02 8.047452878706487809e+02
8.549300747575559853e+02 8.055016129124228428e+02
9.350354227129639639e+02 8.062847044913169157e+02
1.015598020705329759e+03 8.070939304646101391e+02
1.096617682972628700e+03 8.079289178459138157e+02
1.178095214514494501e+03 8.087894367898672954e+02
1.260032212057162269e+03 8.096754520764784502e+02
1.342430766540545619e+03 8.105871607438155024e+02
1.425293093144791101e+03 8.115250144686269778e+02
1.508621119532667308e+03 8.124897251844645325e+02
1.592416068306456509e+03 8.134822523089801507e+02
1.676678075753640087e+03 8.145037698260537127e+02
1.761405895885437531e+03 8.155556113340093134e+02
1.846596746668637934e+03 8.166391910283103925e+02
1.932246364340045375e+03 8.177558984356134033e+02
2.018349341914503839e+03 8.189069645559015953e+02
2.104899839608541697e+03 8.200932969006421445e+02
2.191892768076700122e+03 8.213152807376404780e+02
6.935972495431075231e+02 7.222321216596255908e+02
7.729705416267693181e+02 7.227178182274639084e+02
8.528083885929120243e+02 7.232309086229544164e+02
9.331078324717238957e+02 7.237710757325414761e+02
1.013867901181709158e+03 7.243375272536122793e+02
1.095088249605775673e+03 7.249297125966331805e+02
1.176769468257493827e+03 7.255472506414067766e+02
1.258912899889752453e+03 7.261899988755567392e+02
1.341520357048051665e+03 7.268581047962843513e+02
1.424593767111901343e+03 7.275520375689704906e+02
1.508134776125541521e+03 7.282725977503359900e+02
1.592144348155399484e+03 7.290209026809391162e+02
1.676622403118689363e+03 7.297983449305163504e+02
1.761567543108620839e+03 7.306065209387920731e+02
1.846976925312239246e+03 7.314471267325238841e+02
1.932846348806035166e+03 7.323218173153136377e+02
2.019170632966091262e+03 7.332320260185987308e+02
2.105944377104479827e+03 7.341787397687205612e+02
2.193163204421026421e+03 7.351622258644135854e+02
6.910769250456302188e+02 6.400683371467646339e+02
7.706365266259526834e+02 6.403064343751400429e+02
8.506635587481189305e+02 6.405727436618235515e+02
9.311562070804704945e+02 6.408664084535938628e+02
1.012113052447433802e+03 6.411866736249901351e+02
1.093533576851506268e+03 6.415328625994497997e+02
1.175418122128142841e+03 6.419044833718735390e+02
1.257767726580497992e+03 6.423013151242458889e+02
1.340583862478179981e+03 6.427234730346283413e+02
1.423868101559626894e+03 6.431714486391858827e+02
1.507621740543374926e+03 6.436461228415947744e+02
1.591845424213937122e+03 6.441487483721186891e+02
1.676538809997861108e+03 6.446808981775224083e+02
1.761700325190784497e+03 6.452443758704210950e+02
1.847327076255420479e+03 6.458410839800096710e+02
1.933414979015823747e+03 6.464728453225717431e+02
2.019959189272898584e+03 6.471411723467385855e+02
2.106954925524963073e+03 6.478469788019449425e+02
2.194398789279441644e+03 6.485902275254227334e+02
6.885371489878571083e+02 5.575276853762519522e+02
7.682814544990892500e+02 5.575146042255501015e+02
8.484968588375513718e+02 5.575302252145298780e+02
9.291816358790761115e+02 5.575737175720252026e+02
1.010334315833868231e+03 5.576442869714339849e+02
1.091954208436717408e+03 5.577411978264187837e+02
1.174041386389493027e+03 5.578639000300635189e+02
1.256596546665270807e+03 5.580121325907472283e+02
1.339620773126238873e+03 5.581860011737927607e+02
1.423115228265526412e+03 5.583860262430174544e+02
1.507080806866543071e+03 5.586131581475387975e+02
1.591517790069050307e+03 5.588687551134785281e+02
1.676425544836170047e+03 5.591545196742032431e+02
1.761802321239670619e+03 5.594723886027545632e+02
1.847645208443841966e+03 5.598243708922716451e+02
1.933950319907102994e+03 5.602123277601709788e+02
2.020713289287175257e+03 5.606376880250458044e+02
2.107930170999788061e+03 5.611010915166644963e+02
2.195598853531862915e+03 5.616019524236706957e+02
6.859792480970983206e+02 4.746141397910686237e+02
7.659070857584342775e+02 4.743463273127690627e+02
8.463096224396033449e+02 4.741076211196719896e+02
9.271852954481913685e+02 4.738973307665803532e+02
1.008532628407064749e+03 4.737147218717155965e+02
1.090350777110926629e+03 4.735590821110016577e+02
1.172639542194529213e+03 4.734298681325902862e+02
1.255399260041894877e+03 4.733268254501399497e+02
1.338630596026573812e+03 4.732500777008907562e+02
1.422334268642851384e+03 4.732001812614472556e+02
1.506510738199515345e+03 4.731781407775168873e+02
1.591159899590262967e+03 4.731853806795469382e+02
1.676280825328006131e+03 4.732236672197047938e+02
1.761871612645925097e+03 4.732949749720039563e+02
1.847929397151237026e+03 4.734012910812931523e+02
1.934450605408101637e+03 4.735443498224317409e+02
2.021431530080177254e+03 4.737252892319584134e+02
2.108869324055523975e+03 4.739442206940567530e+02
2.196763524501577649e+03 4.741997013931277252e+02
6.834046147527868698e+02 3.913320006946319154e+02
7.635146031021394037e+02 3.908064325364551905e+02
8.441030622213245351e+02 3.903100963383874387e+02
9.251683044277202725e+02 3.898426632254935384e+02
1.006708912652168920e+03 3.894035760162499855e+02
1.088723928695204449e+03 3.889922428203744857e+02
1.171212899849396081e+03 3.886082032868513352e+02
1.254175804676111738e+03 3.882512636562923944e+02
1.337612882739109637e+03 3.879215963449162246e+02
1.421524397689165880e+03 3.876197993117447140e+02
1.505910368344936387e+03 3.873469099312130766e+02
1.590770308417060278e+03 3.871043675050104866e+02
1.676103022377730895e+03 3.868939178938423993e+02
1.761906512801564986e+03 3.867174530256371554e+02
1.848178063424170887e+03 3.865767772347051050e+02
1.934914572326318648e+03 3.864732914989702977e+02
2.022113221214737678e+03 3.864075856615417024e+02
2.109772579914985727e+03 3.863789276396696550e+02
2.197894260118029706e+03 3.863846374288618790e+02
6.808128329106681349e+02 3.076855983449107725e+02
7.611047026605626797e+02 3.068998168901304098e+02
8.418780361869842181e+02 3.061431548963696514e+02
9.231315343869948720e+02 3.054156979526516125e+02
1.004863931302129458e+03 3.047172009725327371e+02
1.087074220569219278e+03 3.040473038003610782e+02
1.169761741049179363e+03 3.034057156201184853e+02
1.252926143097962495e+03 3.027923636997538779e+02
1.336567261074073713e+03 3.022075014994547928e+02
1.420684922401287849e+03 3.016517706092807884e+02
1.505278728907416053e+03 3.011262103540708495e+02
1.590347852334321260e+03 3.006322082050753579e+02
1.675890892966470119e+03 3.001713833612734561e+02
1.761905858373424508e+03 2.997453950011229153e+02
1.848390328438239067e+03 2.993556657490763655e+02
1.935341883296864125e+03 2.990030098414334816e+02
2.022758882708926194e+03 2.986871543028348697e+02
2.110641698902681128e+03 2.984061401470130477e+02
2.198994520293087135e+03 2.981555891812030268e+02
6.782036011169890344e+02 2.236776946788108944e+02
7.586772448003974887e+02 2.226304699050684803e+02
8.396347538970214828e+02 2.216117102311599183e+02
9.210753706163610559e+02 2.206220935917889392e+02
1.002998102234666135e+03 2.196618386736553248e+02
1.085401990609290124e+03 2.187309412883432742e+02
1.168286242226823106e+03 2.178293754044156003e+02
1.251650241000059623e+03 2.169572537103015293e+02
1.335493470285228796e+03 2.161149419927967301e+02
1.419815375458944345e+03 2.153031209603561820e+02
1.504615203960383042e+03 2.145227884088532164e+02
1.589891866065205932e+03 2.137751938123162745e+02
1.675643866922476263e+03 2.130616965139419108e+02
1.761869368676106433e+03 2.123835376841251446e+02
1.848566450944585540e+03 2.117415150922697649e+02
1.935733648699536843e+03 2.111355484966308040e+02
2.023370858835667150e+03 2.105641220793049797e+02
2.111480720652570199e+03 2.100235888284498742e+02
2.200070591285647879e+03 2.095073200823632078e+02
6.755746787568090213e+02 1.393083946314696959e+02
7.562308259848404077e+02 1.380000402347631052e+02
8.373724146339659455e+02 1.367186966106213504e+02
9.189994159473183117e+02 1.354658312832207230e+02
1.001111267710736229e+03 1.342422938763525053e+02
1.083707192056418080e+03 1.330485716485827652e+02
1.166786375744020916e+03 1.318850052078257704e+02
1.250348035965366535e+03 1.307519585708852219e+02
1.334391399112264253e+03 1.296499370592126752e+02
1.418915624970820545e+03 1.285796457681262837e+02
1.503919714548992943e+03 1.275419805047143882e+02
1.589402446306865386e+03 1.265379421505715527e+02
1.675362393053349706e+03 1.255684643594498766e+02
1.761798080324242846e+03 1.246341433360195197e+02
1.848708356805480435e+03 1.237348571482349371e+02
1.936093058469348989e+03 1.228692605893455720e+02
2.023954060726393664e+03 1.220341400119767741e+02
2.112296827258438498e+03 1.212236107903404445e+02
2.201132580508337014e+03 1.204281381103215836e+02
