4.246814333462610875e+02 2.001098790883444508e+03
5.157878984930669048e+02 2.001588056241775575e+03
6.076764470780675538e+02 2.001968748761431470e+03
7.003059634310858428e+02 2.002269270885055903e+03
7.936510748616325372e+02 2.002509703134912343e+03
8.876973552334380884e+02 2.002703540243754787e+03
9.824375674389237929e+02 2.002859271428927286e+03
1.077868862622177403e+03 2.002981769110851701e+03
1.173990822516625940e+03 2.003073446048666710e+03
1.270804194682933257e+03 2.003135136033906292e+03
1.368310128015428745e+03 2.003166647892666788e+03
1.466509666794263012e+03 2.003166936537679476e+03
1.565403204848418682e+03 2.003133828118495785e+03
1.664989535991480807e+03 2.003063228869071054e+03
1.765264061591102745e+03 2.002947738969457987e+03
1.866215629575355251e+03 2.002774583537116541e+03
1.967821379836459982e+03 2.002522762650980894e+03
2.070038857148416355e+03 2.002159310987088247e+03
2.172794522444191898e+03 2.001634545098484523e+03
4.275430123264328586e+02 1.904510820489513890e+03
5.184934467692211228e+02 1.904545279293828116e+03
6.101881210155860344e+02 1.904500234513210899e+03
7.025960208420980280e+02 1.904396692104581689e+03
7.956996235910908126e+02 1.904248701044632526e+03
8.894903705387089303e+02 1.904064929042056065e+03
9.839651865546571798e+02 1.903850100593602292e+03
1.079123969221248899e+03 1.903606266688778305e+03
1.174967939130684954e+03 1.903333871833248395e+03
1.271498707698916633e+03 1.903032580010926267e+03
1.368717877807739569e+03 1.902701816694810987e+03
1.466626945104505921e+03 1.902340978998418905e+03
1.565227212935273428e+03 1.901949260480501835e+03
1.664519370628146362e+03 1.901525030918242010e+03
1.764502312012865332e+03 1.901064704486012033e+03
1.865170687347563444e+03 1.900561022150352528e+03
1.966510585747975711e+03 1.900000665643542561e+03
2.068492635120966952e+03 1.899361111028143114e+03
2.171061680634267759e+03 1.898606619526477516e+03
4.304941534866674147e+02 1.808311209460200189e+03
5.212549464802128796e+02 1.807933117837640566e+03
6.127308297267347825e+02 1.807496099657846571e+03
7.048991628508400709e+02 1.807015212872433949e+03
7.977487916767119032e+02 1.806499764286295431e+03
8.912757650245112018e+02 1.805954716229839960e+03
9.854801028217600560e+02 1.805381971923189212e+03
1.080363541412427594e+03 1.804781513514278458e+03
1.175928152444253556e+03 1.804152363787899958e+03
1.272175697435379107e+03 1.803493339225166437e+03
1.369107540373190886e+03 1.802803558407988021e+03
1.466724894698132175e+03 1.802082665673430711e+03
1.565029127887066352e+03 1.801330725387598477e+03
1.664021785574152091e+03 1.800547737183826939e+03
1.763703926604430308e+03 1.799732716947860808e+03
1.864074279337082544e+03 1.798882282181684786e+03
1.965125636474952671e+03 1.797988673581977309e+03
2.066838799092955924e+03 1.797037137168481877e+03
2.169173258574835927e+03 1.796002583026635875e+03
4.334941931256561247e+02 1.712565327170936143e+03
5.240413851862602996e+02 1.711804422521792048e+03
6.152814336580019017e+02 1.710998586050923223e+03
7.071985564574977161e+02 1.710158207294469321e+03
7.997866967274325134e+02 1.709288990719614503e+03
8.930454615830809644e+02 1.708393187410998280e+03
9.869771121751653027e+02 1.707470720248975340e+03
1.081584534108836351e+03 1.706520180949289625e+03
1.176870088621793911e+03 1.705539674959150943e+03
1.272835211654101840e+03 1.704527487575086070e+03
1.369480589368446317e+03 1.703482541737882912e+03
1.466806694043602192e+03 1.702404614742168860e+03
1.564814412707820793e+03 1.701294277543174985e+03
1.663505441434171644e+03 1.700152516419395397e+03
1.762882049795135117e+03 1.698979992423134945e+03
1.862945741340828135e+03 1.697775889284753248e+03
1.963694245744150976e+03 1.696536295191553563e+03
2.065116174898253121e+03 1.695252058096567225e+03
2.167182557021281355e+03 1.693906047880767801e+03
4.365161540799433624e+02 1.617311975026501841e+03
5.268331935164895867e+02 1.616188591416168038e+03
6.178262450705445872e+02 1.615029253966997885e+03
7.094850556209368051e+02 1.613840791488697278e+03
8.018075770793036554e+02 1.612626291430310175e+03
8.947961062454562580e+02 1.611386153039575220e+03
9.884544722711187887e+02 1.610119047540491238e+03
1.082786203412825216e+03 1.608822767830491102e+03
1.177793576907733950e+03 1.607494948398702945e+03
1.273477423459127294e+03 1.606133634184881430e+03
1.369837520321794273e+03 1.604737674917971617e+03
1.466873363595948604e+03 1.603306919076138911e+03
1.564585060240270650e+03 1.601842178977591630e+03
1.662974022561696984e+03 1.600344935623536685e+03
1.762043081474640985e+03 1.598816748749912222e+03
1.861795558456177105e+03 1.597258334080607256e+03
1.962232748520598307e+03 1.595668265987907716e+03
2.063349166198079729e+03 1.594041259630777859e+03
2.165124791748861753e+03 1.592365982131719647e+03
4.395430391017879401e+02 1.522572808159243777e+03
5.296189645439716287e+02 1.521100513296445115e+03
6.203581619013318686e+02 1.519597500082809802e+03
7.117547403616761130e+02 1.518067972444393035e+03
8.038097294047672676e+02 1.516513230002397904e+03
8.965274003376205201e+02 1.514932541329547121e+03
9.899126283028374473e+02 1.513323936725860221e+03
1.083969228603718648e+03 1.511684906921906986e+03
1.178699174062450993e+03 1.510012992860332588e+03
1.274102568624238302e+03 1.508306250335943332e+03
1.370178215910692870e+03 1.506563571782409326e+03
1.466924579196368541e+03 1.504784845870754225e+03
1.564340880526627870e+03 1.502970933822350162e+03
1.662428030503183436e+03 1.501123439427799894e+03
1.761189015610987553e+03 1.499244247693647822e+03
1.860628295694370308e+03 1.497334804801885639e+03
1.960749679017472772e+03 1.495395109653346026e+03
2.061552044813036900e+03 1.493422384666029757e+03
2.163022171709010763e+03 1.491409390704053749e+03
4.425648453969257616e+02 1.428359037373457340e+03
5.323928245093092073e+02 1.426546803994659513e+03
6.228743818941094332e+02 1.424706375646624110e+03
7.140069635440487446e+02 1.422840098060177752e+03
8.057938796272655964e+02 1.420948157372943569e+03
8.982407894844311613e+02 1.419029274061094384e+03
9.913532167900084460e+02 1.417081328091272781e+03
1.085135030441202616e+03 1.415101905410258951e+03
1.179587800264761881e+03 1.413088755146469566e+03
1.274710905897710290e+03 1.411040146105603299e+03
1.370502241591326538e+03 1.408955110301795685e+03
1.466959318515137284e+03 1.406833560375049274e+03
1.564080518616608515e+03 1.404676266805741534e+03
1.661866199339748391e+03 1.402484679848591441e+03
1.760319285527968532e+03 1.400260580073515484e+03
1.859444912515977194e+03 1.398005540322173147e+03
1.959248601497932668e+03 1.395720180770846582e+03
2.059732353338408757e+03 1.393403197638094070e+03
2.160887938494516675e+03 1.391050144896488746e+03
4.455762160932409870e+02 1.334675980782147917e+03
5.351523780140025792e+02 1.332529912560142748e+03
6.253746277453892617e+02 1.330356289580590555e+03
7.162428440063785047e+02 1.328156201868412836e+03
8.077619340620434514e+02 1.325929245352331918e+03
8.999384649941484895e+02 1.323674038818904592e+03
9.927783118817862942e+02 1.321388683190747315e+03
1.086285259764039893e+03 1.319071156784321602e+03
1.180460470376221338e+03 1.316719639947071300e+03
1.275302694617381121e+03 1.314332762231256766e+03
1.370809076924298552e+03 1.311909765038728665e+03
1.466976357522753460e+03 1.309450572474612500e+03
1.563802232139991247e+03 1.306955762987353182e+03
1.661286575335672751e+03 1.304426434258240533e+03
1.759432172177383109e+03 1.301863953747829783e+03
1.858244532466721466e+03 1.299269587323880842e+03
1.957730280896481645e+03 1.296643998502372142e+03
2.057893524025057559e+03 1.293986611049062049e+03
2.158729489264799668e+03 1.291294828036267745e+03
4.485746528622548794e+02 1.241525962480914131e+03
5.378971585939082161e+02 1.239050600444503516e+03
6.278598211018377242e+02 1.236547106219675015e+03
7.184641510625314140e+02 1.234015759307567578e+03
8.097160632800680560e+02 1.231455943548776759e+03
9.016226379090740011e+02 1.228866491051936237e+03
9.941898825936682442e+02 1.226245979138649545e+03
1.087421433320315600e+03 1.223592977349416969e+03
1.181318106438251334e+03 1.220906241764386323e+03
1.275878184902866451e+03 1.218184854173171061e+03
1.371098287766275462e+03 1.215428303992666088e+03
1.466974632620120019e+03 1.212636511295526589e+03
1.563504455349424688e+03 1.209809789891912715e+03
1.660687299349696104e+03 1.206948750122619685e+03
1.758525826355361914e+03 1.204054141894964232e+03
1.857025732173143751e+03 1.201126639548963340e+03
1.956194271728253170e+03 1.198166571408888103e+03
2.056036807591378874e+03 1.195173598386467802e+03
2.156550693080251222e+03 1.192146347793259338e+03
4.515592215798487814e+02 1.148909991258134824e+03
5.406275226411422636e+02 1.146109231349014635e+03
6.303311496649270111e+02 1.143279080511571465e+03
7.206725311446259639e+02 1.140419304141653583e+03
8.116580762282077330e+02 1.137529314704431272e+03
9.032950502937526380e+02 1.134608348052125848e+03
9.955894328911604134e+02 1.131655603206476144e+03
1.088544696417831574e+03 1.128670345912491257e+03
1.182161419034968276e+03 1.125651976923261145e+03
1.276437616508406563e+03 1.122600066755227999e+03
1.371369644309733758e+03 1.119514359578624180e+03
1.466953482802468898e+03 1.116394750000662498e+03
1.563186173945102837e+03 1.113241237784176974e+03
1.660067126857519952e+03 1.110053867049590508e+03
1.757598950908833558e+03 1.106832658264695738e+03
1.855787407669838103e+03 1.103577543369957993e+03
1.954639995985273345e+03 1.100288316756447330e+03
2.054162596275370106e+03 1.096964617553391690e+03
2.154353499536349773e+03 1.093605961842300303e+03
4.545296898559438432e+02 1.056828594978424235e+03
5.433439310307549022e+02 1.053706250955926862e+03
6.327894774629597805e+02 1.050553013964883803e+03
7.228690325465656770e+02 1.047368292897877382e+03
8.135890466813991679e+02 1.044151641455842082e+03
9.049566921919049491e+02 1.040902773606801020e+03
9.969777996715886275e+02 1.037621552867054106e+03
1.089655694358842766e+03 1.034307958865162391e+03
1.182990846722383822e+03 1.030962035727906368e+03
1.276981223131174374e+03 1.027583828084942979e+03
1.371623189755019666e+03 1.024173311950568632e+03
1.466912785067246659e+03 1.020730329435055296e+03
1.562847132799702194e+03 1.017254538196487147e+03
1.659425717144355076e+03 1.013745388802468824e+03
1.756651184518865875e+03 1.010202145769549816e+03
1.854529270320893829e+03 1.006623971031308315e+03
1.953067373672965459e+03 1.003010092003638533e+03
2.052271216958624336e+03 9.993600803235151488e+02
2.152138928576352100e+03 9.956742717972493892e+02
4.574860415453581481e+02 9.652821351934154563e+02
5.460465685829773292e+02 9.618421837811615660e+02
6.352350535918332071e+02 9.583699616894425617e+02
7.250538889091246801e+02 9.548645512283040944e+02
8.155091581941734376e+02 9.513256424769367641e+02
9.066076961539838521e+02 9.477533958634419378e+02
9.983550865110569248e+02 9.441482889738052791e+02
1.090754536747133898e+03 9.405109541137163660e+02
1.183806544116548594e+03 9.368420146348046273e+02
1.277509239586536069e+03 9.331419297534667976e+02
1.371859264193344416e+03 9.294108595665717303e+02
1.466852995197223436e+03 9.256485642385711117e+02
1.562487896694096889e+03 9.218543539374971942e+02
1.658763720229167575e+03 9.180271090761151527e+02
1.755683224595324873e+03 9.141653938171482423e+02
1.853252019419250246e+03 9.102676896815041800e+02
1.951477063256511656e+03 9.063327805153231793e+02
2.050363262520711942e+03 9.023603250915867875e+02
2.149907521305563478e+03 8.983516593184873500e+02
4.604283190297642250e+02 8.742708810897217973e+02
5.487352567051301548e+02 8.705174281744313021e+02
6.376674794527388030e+02 8.667307738425120078e+02
7.272265263037045315e+02 8.629095881970212076e+02
8.174177373991335571e+02 8.590535871244999271e+02
9.082473843534119169e+02 8.551632511090360822e+02
9.997207135655786487e+02 8.512395388591414758e+02
1.091840840650492282e+03 8.472836052598315746e+02
1.184608410465933730e+03 8.432965350447987021e+02
1.278021909793616715e+03 8.392791057422333552e+02
1.372078488068446404e+03 8.352315959189284058e+02
1.466775105050931643e+03 8.311536575710617853e+02
1.562109782337427077e+03 8.270442747316003533e+02
1.658082687353598885e+03 8.229018340335027233e+02
1.754696723138106336e+03 8.187243371405572816e+02
1.851957233853864636e+03 8.145097896955087435e+02
1.949870363508435730e+03 8.102568068066473188e+02
2.048439522643416240e+03 8.059654811753600825e+02
2.147659323447278894e+03 8.016385668424586584e+02
4.633567491854685159e+02 7.837950814960979642e+02
5.514096192579609124e+02 7.797320894544985777e+02
6.400858987720482673e+02 7.756357130600903247e+02
7.293857625644395739e+02 7.715040220143429224e+02
8.193134488052908182e+02 7.673365544277908157e+02
9.098744461030614730e+02 7.631339020326047375e+02
1.001073566270410311e+03 7.588973010855499979e+02
1.092913840289319296e+03 7.546282414025556591e+02
1.185396151622231628e+03 7.503281082302402183e+02
1.278519493970438361e+03 7.459978742454675285e+02
1.372281709370472072e+03 7.416378619224904014e+02
1.466680526567786274e+03 7.372475998643290040e+02
1.561714678265619568e+03 7.328258005116750837e+02
1.657384828386208255e+03 7.283704909753571428e+02
1.753693986082579841e+03 7.238793336500036730e+02
1.850647020984383289e+03 7.193501788265796222e+02
1.948248823023408931e+03 7.147818978069236664e+02
2.046500569015504880e+03 7.101755521196334939e+02
2.145393465693563485e+03 7.055359624379224215e+02
4.662721135716279832e+02 6.938552378119189825e+02
5.540694659240746205e+02 6.894860547580168486e+02
6.424893785175434004e+02 6.850843524534292328e+02
7.315301709247680719e+02 6.806473231070781367e+02
8.211946272132713602e+02 6.761740439510138003e+02
9.114872260837028080e+02 6.716649399954673072e+02
1.002412227494390208e+03 6.671212637534513306e+02
1.093972552421926821e+03 6.625446072583081332e+02
1.186169369282875778e+03 6.579364643320050163e+02
1.279002273826127976e+03 6.532978640613494008e+02
1.372469918499955838e+03 6.486290998496089060e+02
1.466570911839701012e+03 6.439295822832300473e+02
1.561304767677841028e+03 6.391978484440069224e+02
1.656672637236174069e+03 6.344317652688723683e+02
1.752677503621587675e+03 6.296289701818977846e+02
1.849323457017830151e+03 6.247875985729331205e+02
1.946613598945256399e+03 6.199073548595754346e+02
2.044546044230632560e+03 6.149909919377785172e+02
2.143107398542048941e+03 6.100462729051046153e+02
4.691763275331910563e+02 6.044527489082390730e+02
5.567153611628907584e+02 5.997794809076090132e+02
6.448774522642228249e+02 5.950759259803361374e+02
7.336585830699390272e+02 5.903380471068921906e+02
8.230597265185424476e+02 5.855641121722151183e+02
9.130841058301268731e+02 5.807540463256459589e+02
1.003735279599290948e+03 5.759088130902388230e+02
1.095015987927101605e+03 5.710298423925148654e+02
1.186927672220920840e+03 5.661185266783310226e+02
1.279470554865602935e+03 5.611758096817688966e+02
1.372644134524109177e+03 5.562018962721512025e+02
1.466447917809908176e+03 5.511961161753181386e+02
1.560882167868962370e+03 5.461569793109985085e+02
1.655948404320728059e+03 5.410824660769225147e+02
1.751649336256386505e+03 5.359706022180131413e+02
1.847987849706047427e+03 5.308203750291843335e+02
1.944964602189607831e+03 5.256330556454378211e+02
2.042573698568980490e+03 5.204140011750849908e+02
2.140795833207461328e+03 5.151750205436152328e+02
4.720731966532774777e+02 5.155910708575869421e+02
5.593493502556057138e+02 5.106138380231161591e+02
6.472508006476213041e+02 5.056102740006546128e+02
7.357707094532923975e+02 5.005747008858875233e+02
8.249078660466950623e+02 4.955041780796010471e+02
9.146639630134657182e+02 4.903977571806599371e+02
1.005041664448884376e+03 4.852557780003152175e+02
1.096043401261318877e+03 4.800792266930859569e+02
1.187670804955325366e+03 4.748691803454705678e+02
1.279924665196582964e+03 4.696263661563763208e+02
1.372805266333349209e+03 4.643508676368546730e+02
1.466312923428434488e+03 4.590420151120461014e+02
1.560448498636957765e+03 4.536985032918275920e+02
1.655213633269717093e+03 4.483187848625938159e+02
1.750610378849141171e+03 4.429017960223503678e+02
1.846639851043304816e+03 4.374480777250402070e+02
1.943299462602113181e+03 4.319613652171797185e+02
2.040578214256563797e+03 4.264507283499247023e+02
2.138449434793181808e+03 4.209333562536121462e+02
4.749693223492727157e+02 4.272775093781947362e+02
5.619758170105592399e+02 4.219936263073268492e+02
6.496120463057898178e+02 4.166895011824057065e+02
7.378678571715093994e+02 4.113573587449088791e+02
8.267394576830567985e+02 4.059926152491199218e+02
9.162266948329471461e+02 4.005930496369688854e+02
1.006331090827819708e+03 3.951580288829338770e+02
1.097054570506820710e+03 3.896878113149307410e+02
1.188398789958029738e+03 3.841829554068870038e+02
1.280364950455918461e+03 3.786438657135074664e+02
1.372953951994153158e+03 3.730705123359803110e+02
1.466166706417935075e+03 3.674623656338706041e+02
1.560004390877148126e+03 3.618185939046863950e+02
1.654468377362316460e+03 3.561385785175377805e+02
1.749559522706857479e+03 3.504228085982059611e+02
1.845276444810155226e+03 3.446742259157795161e+02
1.941612344028410462e+03 3.389001002219024485e+02
2.038549852658290092e+03 3.331145260591252963e+02
2.136053309048096253e+03 3.273416441135719879e+02
4.778749650257879011e+02 3.395255931511724157e+02
5.646024504470582315e+02 3.339288610719918324e+02
6.519666431829892872e+02 3.283204412675198682e+02
7.399537278797631643e+02 3.226901228835308757e+02
8.285568989470009456e+02 3.170312243425282759e+02
9.177737934082174434e+02 3.113398429602200395e+02
1.007604479984373029e+03 3.056140249073380346e+02
1.098050101641724268e+03 2.998530297577174224e+02
1.189112080053534100e+03 2.940567202617942257e+02
1.280791764657705016e+03 2.882251125334777271e+02
1.373090379385970891e+03 2.823581269714810560e+02
1.466009086179382393e+03 2.764555860222255887e+02
1.559548945510881595e+03 2.705175114064807076e+02
1.653710509659851141e+03 2.645447807596599432e+02
1.748492733699524933e+03 2.585402118686068889e+02
1.843890831254173008e+03 2.525101519274919610e+02
1.939892636152755585e+03 2.464666595941992000e+02
2.036472956138719383e+03 2.404303792296824440e+02
2.133585319666106898e+03 2.344342196818558932e+02
5.235488620829021329e+02 2.006542978707277143e+03
6.108904144804881753e+02 2.006931377925871857e+03
6.988709089240137473e+02 2.007246607787126777e+03
7.874690214944032505e+02 2.007506117886590800e+03
8.766725535103466882e+02 2.007721905296065415e+03
9.664754682172075491e+02 2.007901760515588194e+03
1.056875645213593543e+03 2.008050367827054060e+03
1.147873270481374220e+03 2.008170233874487394e+03
1.239470020012629902e+03 2.008262436036320423e+03
1.331667299749221229e+03 2.008327032203796989e+03
1.424467480794161929e+03 2.008363412851140765e+03
1.517872356392406346e+03 2.008370127656251952e+03
1.611882860127316007e+03 2.008344464752329259e+03
1.706498020009718175e+03 2.008281601229873104e+03
1.801713115266947398e+03 2.008173290378042793e+03
1.897516645710776629e+03 2.008006022614028097e+03
1.993885655607099579e+03 2.007758589808573106e+03
2.090778876289815344e+03 2.007398974684414043e+03
2.188127063070319309e+03 2.006880478064630552e+03
5.260774243172646720e+02 1.914510417004277770e+03
6.132448948486473910e+02 1.914525293194614051e+03
7.010275279841473548e+02 1.914485547216061150e+03
7.894104641134845224e+02 1.914403625918776925e+03
8.783864122210727601e+02 1.914287474139089227e+03
9.679528962903065121e+02 1.914141672918357926e+03
1.058110226779306231e+03 1.913968448869971326e+03
1.148860118562769685e+03 1.913768532063789053e+03
1.240205118353514081e+03 1.913541878401815211e+03
1.332147104761472292e+03 1.913287979311424579e+03
1.424688817644748269e+03 1.913006355453847164e+03
1.517832634756552125e+03 1.912696354895566174e+03
1.611580655300292619e+03 1.912356856167177284e+03
1.705934070169913184e+03 1.911985574777854254e+03
1.800891797961423890e+03 1.911577968410488666e+03
1.896448010014464217e+03 1.911125687110016315e+03
1.992588101953971545e+03 1.910614508718107572e+03
2.089282593999940218e+03 1.910021693097644402e+03
2.186478356453968900e+03 1.909312681267973403e+03
5.286469410364343275e+02 1.822858379940402756e+03
6.156190831862226105e+02 1.822529030214041541e+03
7.031883675345512756e+02 1.822157769706523595e+03
7.913452353284362744e+02 1.821753053167527924e+03
8.800863053916064018e+02 1.821319656674495491e+03
9.694118093133103002e+02 1.820859701459253756e+03
1.059323755993596933e+03 1.820373564184409133e+03
1.149824750053195885e+03 1.819860654355101587e+03
1.240917632802953449e+03 1.819320099290009239e+03
1.332604201896167751e+03 1.818750938600342579e+03
1.424887001029301700e+03 1.818152744889992846e+03
1.517768364581314472e+03 1.817525372872313483e+03
1.611250814418731352e+03 1.816868763847679929e+03
1.705336785410615903e+03 1.816182381748227726e+03
1.800027671248639763e+03 1.815464305501671788e+03
1.895321826046190381e+03 1.814709932806481902e+03
1.991211093415771757e+03 1.813910245460479473e+03
2.087675361828080895e+03 1.813049580916081595e+03
2.184674561835487111e+03 1.812102848699949391e+03
5.312303790635725136e+02 1.731632662445110327e+03
6.179924561896485784e+02 1.730979562892633112e+03
7.053381881816113719e+02 1.730292805582343362e+03
7.932623126147101402e+02 1.729577752570868597e+03
8.817645188392607452e+02 1.728836799409709329e+03
9.708470525529866109e+02 1.728070279775349718e+03
1.060513051202923634e+03 1.727277270613964674e+03
1.150765537452995432e+03 1.726456281599647355e+03
1.241606977518254098e+03 1.725605810973785537e+03
1.333039523925173853e+03 1.724724827167615331e+03
1.425064352062943044e+03 1.723812675230345121e+03
1.517683607424064348e+03 1.722869590142803872e+03
1.610899726111750397e+03 1.721896168852171741e+03
1.704715727563096607e+03 1.720892996904741722e+03
1.799134605908231151e+03 1.719859902102473370e+03
1.894157734855377839e+03 1.718794881666315177e+03
1.989781870801960167e+03 1.717692662345146346e+03
2.085994268121516143e+03 1.716542848607450196e+03
2.182765339813580340e+03 1.715327609321645923e+03
5.338102468651445633e+02 1.640859085910357408e+03
6.203524590138468966e+02 1.639896056830208181e+03
7.074683132608765845e+02 1.638904279287722147e+03
7.951559777602373060e+02 1.637886807840795427e+03
8.834175101134865145e+02 1.636844345992286662e+03
9.722566132767492491e+02 1.635776028489849978e+03
1.061677121172152738e+03 1.634680117157156474e+03
1.151682143609588366e+03 1.633554596988863750e+03
1.242273780244685440e+03 1.632397657896164446e+03
1.333453530553378641e+03 1.631208146389208650e+03
1.425221790012984229e+03 1.629985362836051536e+03
1.517580014177127396e+03 1.628729712475452288e+03
1.610530238634045418e+03 1.627442135925075490e+03
1.704075622599743838e+03 1.626123847263780590e+03
1.798220126181714704e+03 1.624775727555864250e+03
1.892967250552640962e+03 1.623397450169434478e+03
1.988317437589627843e+03 1.621986306091033384e+03
2.084263656779424309e+03 1.620535694236559721e+03
2.180784628716816769e+03 1.619033238255960669e+03
5.363760159545590795e+02 1.550550726469603887e+03
6.226922395953986324e+02 1.549286786374992971e+03
7.095746692023678861e+02 1.547996555703905415e+03
7.970241581454320112e+02 1.546681451600928995e+03
8.850445474727795272e+02 1.545341072017400620e+03
9.736405562948409624e+02 1.543973854054799631e+03
1.062816398341897866e+03 1.542577657979867354e+03
1.152575056337828300e+03 1.541150266418421779e+03
1.242918126458970391e+03 1.539689787254080557e+03
1.333846367927873871e+03 1.538195070283888526e+03
1.425359321637673474e+03 1.536665383124378877e+03
1.517457660555536677e+03 1.535101196775743347e+03
1.610142861816073037e+03 1.533503558256060160e+03
1.703417953759949796e+03 1.531873926772728055e+03
1.797287423638442760e+03 1.530213689730580427e+03
1.891756229833004454e+03 1.528523465483246582e+03
1.986827525931853870e+03 1.526802169313303693e+03
2.082498637105323724e+03 1.525045816962715662e+03
2.178754752880015985e+03 1.523246037691856827e+03
5.389220239590538313e+02 1.460713087729970312e+03
6.250088136991568035e+02 1.459154001544218090e+03
7.116562048351123622e+02 1.457569337486181212e+03
7.988670941542541186e+02 1.455959431167001412e+03
8.866466209629775221e+02 1.454323259262793272e+03
9.750001761355388226e+02 1.452658973639419401e+03
1.063932131573247716e+03 1.450964372569062107e+03
1.153445223442769020e+03 1.449237301180614622e+03
1.243540503649849825e+03 1.447475972651114944e+03
1.334217752222907393e+03 1.445679200957950343e+03
1.425476439015266351e+03 1.443846675401799757e+03
1.517315721059911084e+03 1.441978420064650663e+03
1.609736733785933893e+03 1.440075555879999001e+03
1.702742241597424254e+03 1.438139494181568352e+03
1.796336975462347709e+03 1.436171707672969205e+03
1.890526858216030632e+03 1.434173193994430221e+03
1.985316985868741995e+03 1.432143762411066291e+03
2.080707916870743247e+03 1.430081126778597309e+03
2.176689746930509500e+03 1.427979786695285611e+03
5.414458045748892800e+02 1.371347628363224203e+03
6.273016111775423269e+02 1.369497160114377266e+03
7.137136455557158570e+02 1.367620634132839314e+03
8.006862942658730162e+02 1.365717748627876972e+03
8.882255929800522836e+02 1.363787242533643166e+03
9.763373393005977050e+02 1.361827306390793638e+03
1.065025918145456444e+03 1.359835941162147492e+03
1.154293774509206969e+03 1.357811259637562443e+03
1.244141449911395966e+03 1.355751724777475147e+03
1.334568077550041835e+03 1.353656319028264761e+03
1.425572206677908071e+03 1.351524638317944436e+03
1.517152997595408806e+03 1.349357062410598701e+03
1.609310377134890359e+03 1.347154039528691328e+03
1.702047044611704678e+03 1.344916879907875455e+03
1.795367810362718501e+03 1.342646828223723787e+03
1.889279206350744516e+03 1.340344839538009410e+03
1.983787661897494672e+03 1.338011070916053768e+03
2.078896034284118286e+03 1.335644244709079203e+03
2.174597984116737734e+03 1.333240874845714870e+03
5.439467952338369514e+02 1.282454004770524989e+03
6.295713590473911836e+02 1.280314889094571299e+03
7.157485428957337490e+02 1.278148471446340409e+03
8.024837434557475717e+02 1.275954148814044174e+03
8.897835592221452998e+02 1.273730708144589698e+03
9.776539929829575613e+02 1.271476616084311672e+03
1.066099357088810166e+03 1.269190267048340957e+03
1.155121817486855662e+03 1.266870186681160703e+03
1.244721494375729890e+03 1.264515187779221378e+03
1.334897016487651399e+03 1.262124475784204833e+03
1.425646402021700396e+03 1.259697701029489735e+03
1.516968317584993883e+03 1.257235138716811889e+03
1.608862266987027397e+03 1.254736885945872473e+03
1.701330710991710475e+03 1.252203859974211809e+03
1.794378461194332431e+03 1.249636857774233931e+03
1.888012404567687781e+03 1.247036496698420933e+03
1.982239814774531624e+03 1.244402899063397854e+03
2.077065057081563282e+03 1.241735310892826874e+03
2.172484187957277754e+03 1.239031655154193231e+03
5.464253783697954532e+02 1.194031344283112048e+03
6.318192616140852351e+02 1.191605994269437815e+03
7.177625841859389766e+02 1.189151663695329034e+03
8.042613342144898070e+02 1.186667681510054535e+03
8.913223941073924834e+02 1.184153074898870273e+03
9.789518192669837617e+02 1.181606741015054240e+03
1.067153808011570391e+03 1.179027587106677856e+03
1.155930299584932072e+03 1.176414638417128344e+03
1.245281119364588676e+03 1.173767113547310373e+03
1.335204569930637263e+03 1.171084467343801180e+03
1.425698343145914805e+03 1.168366401832285419e+03
1.516760601388787791e+03 1.165612846261924915e+03
1.608391231410430692e+03 1.162824112363628501e+03
1.700591909141681526e+03 1.159999995098397676e+03
1.793367639627053904e+03 1.157140918537990274e+03
1.886725479169565915e+03 1.154246980833325324e+03
1.980673140723063625e+03 1.151318034564122399e+03
2.075215810179195614e+03 1.148353549987942415e+03
2.170350898559500820e+03 1.145352481384388284e+03
5.488822167526832345e+02 1.106078824496750258e+03
6.340464420483770027e+02 1.103369795971643043e+03
7.197571307703690309e+02 1.100629929552455678e+03
8.060204928071525501e+02 1.097858622278321945e+03
8.928434575866365321e+02 1.095055245628341936e+03
9.802320161993970942e+02 1.092219203322530802e+03
1.068190241438284829e+03 1.089349967364505801e+03
1.156719923311980438e+03 1.086447093944071185e+03
1.245820740124657505e+03 1.083510221415359410e+03
1.335490865127536608e+03 1.080539053267541476e+03
1.425727885663769939e+03 1.077533329825443388e+03
1.516529885220589449e+03 1.074492793374028452e+03
1.607896508392793294e+03 1.071417152512812436e+03
1.699829793910957733e+03 1.068306052835733226e+03
1.792334664802085626e+03 1.065159284035700693e+03
1.885417889696282600e+03 1.061975900103842378e+03
1.979087435054578918e+03 1.058755611382649931e+03
2.073348687190897635e+03 1.055497983229723559e+03
2.168199457783292019e+03 1.052202832711010387e+03
5.513178474890477219e+02 1.018595798861431263e+03
6.362536135862414994e+02 1.015606033203319953e+03
7.217329566045711999e+02 1.012583596238003565e+03
8.077619763764230356e+02 1.009527998969359487e+03
8.943474428415233888e+02 1.006438979372314975e+03
9.814951892407003697e+02 1.003316451212384550e+03
1.069209168336757330e+03 1.000160440835542886e+03
1.157491109671201230e+03 9.969710157208135115e+02
1.246340698674632449e+03 9.937482094635440717e+02
1.335756178687788633e+03 9.904919488714172076e+02
1.425735254251267406e+03 9.872019900268843458e+02
1.516276147969672820e+03 9.838778715204020955e+02
1.607378633382804765e+03 9.805188946125479106e+02
1.699044832057165877e+03 9.771241418666470508e+02
1.791279523955757895e+03 9.736925478369162192e+02
1.884089802543384849e+03 9.702232849880979302e+02
1.977482942537267263e+03 9.667149959263255141e+02
2.071464095565987918e+03 9.631676233685177522e+02
2.166030570941612496e+03 9.595818737235188109e+02
5.537325030133087012e+02 9.315816771044031839e+02
6.384409519117767786e+02 9.283145462033994590e+02
7.236901621133057461e+02 9.250131037621483756e+02
8.094858191699222516e+02 9.216769379032704137e+02
8.958343466546069749e+02 9.183061005886349903e+02
9.827413385045906580e+02 9.149009532158192997e+02
1.070210637990699297e+03 9.114620098879698844e+02
1.158244001562354242e+03 9.079897842702068829e+02
1.246841268870859039e+03 9.044846470900670283e+02
1.336000940803885896e+03 9.009467026554714266e+02
1.425721045011669275e+03 8.973756942741460989e+02
1.516000142764701877e+03 8.937709501887317174e+02
1.606838301597165582e+03 8.901313836204783456e+02
1.698237824547033597e+03 8.864555627729907883e+02
1.790203488327375226e+03 8.827418692212819451e+02
1.882741998809324286e+03 8.789887660395887679e+02
1.975860322044175518e+03 8.751952003475868196e+02
2.069562491894082086e+03 8.713611687272727977e+02
2.163844496876314224e+03 8.674887493162318606e+02
5.561261307454292364e+02 8.450357410404994880e+02
6.406081433302659889e+02 8.414949191286412997e+02
7.256282409129419193e+02 8.379184922926599484e+02
8.111914085714101930e+02 8.343060143702316509e+02
8.973035462927982735e+02 8.306577319456262103e+02
9.839699288869063594e+02 8.269743332355097891e+02
1.071194294691454388e+03 8.232567044116481156e+02
1.158978501361245208e+03 8.195057013514303890e+02
1.247322670301718290e+03 8.157219462120517619e+02
1.336225722096445907e+03 8.119056598326073981e+02
1.425686183235890439e+03 8.080565428064012394e+02
1.515703119184685193e+03 8.041737201628716321e+02
1.606277019880620401e+03 8.002557669871794133e+02
1.697410430639486322e+03 7.963008350219414524e+02
1.789108083584142150e+03 7.923069033800118177e+02
1.881376241494634087e+03 7.882721799943033147e+02
1.974220916685243992e+03 7.841956843899147316e+02
2.067644571368037759e+03 7.800780468401962935e+02
2.161640842083503230e+03 7.759225640227784879e+02
5.584985861027881811e+02 7.589570514437223210e+02
6.427545860733134759e+02 7.551462392950656977e+02
7.275462794507456010e+02 7.512990300842725446e+02
8.128776737630873868e+02 7.474147661071457378e+02
8.987539685806884791e+02 7.434937108201849014e+02
9.851800316948895215e+02 7.395367082355664934e+02
1.072159484890386011e+03 7.355448596567359800e+02
1.159694337458650125e+03 7.315192277899180908e+02
1.247785089056430706e+03 7.274605799252788074e+02
1.336431204530892956e+03 7.233691837738122103e+02
1.425631841566843605e+03 7.192446717019294056e+02
1.515386687073669691e+03 7.150859915580761026e+02
1.605696729683885451e+03 7.108914650710188425e+02
1.696564763091862005e+03 7.066589779582635629e+02
1.787995377671571987e+03 7.023863294602870155e+02
1.879994155261767446e+03 6.980717730617270718e+02
1.972565733509119582e+03 6.937147847294520489e+02
2.065710350947621009e+03 6.893171001506232187e+02
2.159418421210375527e+03 6.848840682589404878e+02
5.608499762561443731e+02 6.733445795779655327e+02
6.448797245283083157e+02 6.692671070643432358e+02
7.294432718024876294e+02 6.651531167323975069e+02
8.145433717642921465e+02 6.610015053954705309e+02
9.001843384761890547e+02 6.568123262473366140e+02
9.863705277291801394e+02 6.525863666539291899e+02
1.073105407487708817e+03 6.483247534038471258e+02
1.160391155252861836e+03 6.440285974728351448e+02
1.248228703788734265e+03 6.396986922631081143e+02
1.336618137874422246e+03 6.353352814473919352e+02
1.425559323222069224e+03 6.309379150125530487e+02
1.515052624059899472e+03 6.265054148951442130e+02
1.605099537691276964e+03 6.220359747712326453e+02
1.695703042127747722e+03 6.175274221502309047e+02
1.786867416119152495e+03 6.129776749763823318e+02
1.878597248967101677e+03 6.083854295168121098e+02
1.970895309738593824e+03 6.037511214719672807e+02
2.063758891145690086e+03 5.990782080497066318e+02
2.157174181590045919e+03 5.943748252720386063e+02
5.631811344396688810e+02 5.881976774048805510e+02
6.469834983760582645e+02 5.838560106408320962e+02
7.313185338249693359e+02 5.794785764334269516e+02
8.161874573018146748e+02 5.750635450589588800e+02
9.015934959160467770e+02 5.706104923883292486e+02
9.875403629608140363e+02 5.661199045973215789e+02
1.074031300846663498e+03 5.615927207376465731e+02
1.161068628713779844e+03 5.570299272274099849e+02
1.248653715816404201e+03 5.524322204672986345e+02
1.336787283164030214e+03 5.477997562279535941e+02
1.425469914596079434e+03 5.431320072205963925e+02
1.514702634087757588e+03 5.384277533964055920e+02
1.604487378216890420e+03 5.336852330643683899e+02
1.694827160895985116e+03 5.289024869207440815e+02
1.785725691165861008e+03 5.240779315994816443e+02
1.877186163470083557e+03 5.192112044411760508e+02
1.969208892727711373e+03 5.143043269038191738e+02
2.061787412964193209e+03 5.093632404739549884e+02
2.154902597431585491e+03 5.043997761615441959e+02
5.654942067886956920e+02 5.035169831251613459e+02
6.490668905770850188e+02 4.989121624843861582e+02
7.331722026027356378e+02 4.942734381542376241e+02
8.178095244882651969e+02 4.895979356196525032e+02
9.029807709903111572e+02 4.848844562999083792e+02
9.886888489981788553e+02 4.801329183054600662e+02
1.074936660925744036e+03 4.753438458063396865e+02
1.161726589180469091e+03 4.705179230652519209e+02
1.249060382269637103e+03 4.656556315735309681e+02
1.336939344643214099e+03 4.607569914320348516e+02
1.425364711250749224e+03 4.558214311804567842e+02
1.514338063641679128e+03 4.508478137401248205e+02
1.603861616854827844e+03 4.458346500442365823e+02
1.693938174864966868e+03 4.407805363379225128e+02
1.784570516468362030e+03 4.356848560959527958e+02
1.875759932621336702e+03 4.305487930919969131e+02
1.967503589755099483e+03 4.253767084302027115e+02
2.059790340761756397e+03 4.201779413947369903e+02
2.152594545384351932e+03 4.149691018713355106e+02
5.677933356098368449e+02 4.193058433151967392e+02
6.511325598905054903e+02 4.144368784847612233e+02
7.350058086783967610e+02 4.095372838712867178e+02
8.194103096353524052e+02 4.046027949259386105e+02
9.043464086483294295e+02 3.996311216197303793e+02
9.898160014676678884e+02 3.946213349579574015e+02
1.075821485627134280e+03 3.895733132668284497e+02
1.162365168526562911e+03 3.844872662977850268e+02
1.249449051530286852e+03 3.793633578135373909e+02
1.337074891598701470e+03 3.742014502837780583e+02
1.425244421007795154e+03 3.690009986689876769e+02
1.513959581764667973e+03 3.637611240534391754e+02
1.603222603994516703e+03 3.584809021537924991e+02
1.693035726406717686e+03 3.531599065331325846e+02
1.783400321441613869e+03 3.477990517533750108e+02
1.874315147293497830e+03 3.424017877691700278e+02
1.965773403072257679e+03 3.369757036785421178e+02
2.057758211207273234e+03 3.315346065815264183e+02
2.150236092034320336e+03 3.261011498486491291e+02
6.138001169809605244e+02 2.011402474192975205e+03
6.975752881164420387e+02 2.011727285969589502e+03
7.818875759515087793e+02 2.012000339115695397e+03
8.667265969994382431e+02 2.012232340871897577e+03
9.520872652311018101e+02 2.012430438848477024e+03
1.037967975306395147e+03 2.012599102166228931e+03
1.124369271304342192e+03 2.012740873067823486e+03
1.211292926531843932e+03 2.012856969591749476e+03
1.298741343868272452e+03 2.012947717697148164e+03
1.386717167614360733e+03 2.013012788761669981e+03
1.475222976616345022e+03 2.013051215618682818e+03
1.564260904143442531e+03 2.013061157224940871e+03
1.653832002173403680e+03 2.013039378622836011e+03
1.743935135897657347e+03 2.012980409047151170e+03
1.834565157844898977e+03 2.012875336786252319e+03
1.925710386757351444e+03 2.012710247602637764e+03
2.017347088169363815e+03 2.012463936766895586e+03
2.109435622394045822e+03 2.012105637435075550e+03
2.201910852797434018e+03 2.011591630742654615e+03
6.160166703870329457e+02 1.923560084351158139e+03
6.996141176146006728e+02 1.923570767830848126e+03
7.837335104904352647e+02 1.923541499978686261e+03
8.683686006299519704e+02 1.923479564112360777e+03
9.535173618100242265e+02 1.923389359480721168e+03
1.039180338064948273e+03 1.923273212010074985e+03
1.125359483852816766e+03 1.923132070051847222e+03
1.212057424703416018e+03 1.922966068261360306e+03
1.299277051144665620e+03 1.922774940853851604e+03
1.387021340797111634e+03 1.922558263378500214e+03
1.475293282992498689e+03 1.922315499801683245e+03
1.564095756738078762e+03 1.922045829072268589e+03
1.653431185891090308e+03 1.921747722427771350e+03
1.743300764553395311e+03 1.921418239461502708e+03
1.833703010411828927e+03 1.921052007375717267e+03
1.924631363437786604e+03 1.920639843859706616e+03
2.016070761266593763e+03 1.920167085320095339e+03
2.107991193944601036e+03 1.919610935790292842e+03
2.200341981731889518e+03 1.918938376253639035e+03
6.182444049489731697e+02 1.836081941348552846e+03
7.016506720802831296e+02 1.835799211072170465e+03
7.855675898624317597e+02 1.835484261963867084e+03
8.699922464800235957e+02 1.835141657062721606e+03
9.549249870339335757e+02 1.834773649022002246e+03
1.040367909142603139e+03 1.834380915188236031e+03
1.126323855019732719e+03 1.833963191087541418e+03
1.212795830976033585e+03 1.833519787825869116e+03
1.299786770146265553e+03 1.833049977327040096e+03
1.387299536870328893e+03 1.832553227566427267e+03
1.475337051235984063e+03 1.832029267990660173e+03
1.563902389456833362e+03 1.831477963125049428e+03
1.652998689603101639e+03 1.830898969939140216e+03
1.742628662264155082e+03 1.830291151843655825e+03
1.832793471483839767e+03 1.829651719203830226e+03
1.923490712192992532e+03 1.828975062947414699e+03
2.014711428713151236e+03 1.828251404669143767e+03
2.106434170018486384e+03 1.827464257038065398e+03
2.198619886427735764e+03 1.826589067860384148e+03
6.204650378291520383e+02 1.749000657897211113e+03
7.036711279366921872e+02 1.748438940864202777e+03
7.873796008374613393e+02 1.747849679971685191e+03
8.715902036209223525e+02 1.747235349388836084e+03
9.563050854855681564e+02 1.746596597652845958e+03
1.041527424700777601e+03 1.745932903118043441e+03
1.127260554449301026e+03 1.745243140239666218e+03
1.213507520760285388e+03 1.744526044432330764e+03
1.300270991025368176e+03 1.743780561943989369e+03
1.387553414709870594e+03 1.743006069739905797e+03
1.475357318513702467e+03 1.742202448783877571e+03
1.563685596048835578e+03 1.741369992320401025e+03
1.652541626684298762e+03 1.740509128785284020e+03
1.741929029118675317e+03 1.739619936785672508e+03
1.831850821972365793e+03 1.738701427174411492e+03
1.922307725684783236e+03 1.737750564577456316e+03
2.013295296624972934e+03 1.736760997794346622e+03
2.104799744572579129e+03 1.735721679129465656e+03
2.196790704924434976e+03 1.734614050129568113e+03
6.226670427068725076e+02 1.662333451736555617e+03
7.056672876247118893e+02 1.661502397303246653e+03
7.891639366401836924e+02 1.660646230731339983e+03
8.731588233272890420e+02 1.659765893653876901e+03
9.576554384519697578e+02 1.658860909654944635e+03
1.042657673234964932e+03 1.657929957308751000e+03
1.128169062045997180e+03 1.656971365635758957e+03
1.214192459745481301e+03 1.655983521821744034e+03
1.300730074565647101e+03 1.654965180014158932e+03
1.387783760993950636e+03 1.653915658866081685e+03
1.475355458282688460e+03 1.652834914231025778e+03
1.563447638616243239e+03 1.651723472011172362e+03
1.652063604234693230e+03 1.650582204615430783e+03
1.741207444505278545e+03 1.649411932779635663e+03
1.830883431563989916e+03 1.648212832625772990e+03
1.921094596171888497e+03 1.646983625775987093e+03
2.011840183232660365e+03 1.645720528074938557e+03
2.103111638314411266e+03 1.644415929994352155e+03
2.194886879810570008e+03 1.643057048404617944e+03
6.248438406993154786e+02 1.576087800595621729e+03
7.076350045132379591e+02 1.574993588424820246e+03
7.909182518974207596e+02 1.573875094771462955e+03
8.746970214465017079e+02 1.572732208601584261e+03
9.589757725453027888e+02 1.571563741961094365e+03
1.043758830840758264e+03 1.570367918894653712e+03
1.129049731975898794e+03 1.569142797641028665e+03
1.214851000569321059e+03 1.567886617943559941e+03
1.301164287458594117e+03 1.566598064536599622e+03
1.387990772210576779e+03 1.565276437010822974e+03
1.475331719538668949e+03 1.563921715315694883e+03
1.563189057222124802e+03 1.562534509119216636e+03
1.651565819019633864e+03 1.561115878106182890e+03
1.740466268486002264e+03 1.559667009048945829e+03
1.829895488062924869e+03 1.558188734121070183e+03
1.919858181791452807e+03 1.556680873435916965e+03
2.010356398889987759e+03 1.555141383170221843e+03
2.101385838592078926e+03 1.553565288867912841e+03
2.192930343299104607e+03 1.551943381602017325e+03
6.269923157457869820e+02 1.490265522767098446e+03
7.095728947409278362e+02 1.488911970062036744e+03
7.926423663922034848e+02 1.487533863293347849e+03
8.762053707239838332e+02 1.486130442035631859e+03
9.602670385582963490e+02 1.484700153426295174e+03
1.044831925964245556e+03 1.483241056224609565e+03
1.129903444200555896e+03 1.481751168395246395e+03
1.215483723678220940e+03 1.480228751948082163e+03
1.301573836833000087e+03 1.478672528229276622e+03
1.388174289160045191e+03 1.477081816272468586e+03
1.475285669736103500e+03 1.475456586180434670e+03
1.562909332012815867e+03 1.473797418813665900e+03
1.651047952141363112e+03 1.472105362310022883e+03
1.739705785173079448e+03 1.470381675145973077e+03
1.828888408711300599e+03 1.468627444571951173e+03
1.918601708450109754e+03 1.466843068309340197e+03
2.008849819947234209e+03 1.465027586381721221e+03
2.099631695294298879e+03 1.463177848865941769e+03
2.190935911344899068e+03 1.461287504186911292e+03
6.291116184334958916e+02 1.404865583158468553e+03
7.114813037655696917e+02 1.403255055817735411e+03
7.943373893101079375e+02 1.401618976984848814e+03
8.776853788039300071e+02 1.399956264491897400e+03
9.615308404454717675e+02 1.398265280590544990e+03
1.045878417852740995e+03 1.396544151294671792e+03
1.130731332253793880e+03 1.394791038986338663e+03
1.216091315770811661e+03 1.393004363822744835e+03
1.301958902319553999e+03 1.391182969174637037e+03
1.388333987353231350e+03 1.389326225999325288e+03
1.475216550151780211e+03 1.387434070704471878e+03
1.562607412276571722e+03 1.385506970692601953e+03
1.650508882820107829e+03 1.383545811391917141e+03
1.738925114779613978e+03 1.381551698177778235e+03
1.827861966823652438e+03 1.379525666173101854e+03
1.917326130398906798e+03 1.377468290487344120e+03
2.007323242977208338e+03 1.375379189015833845e+03
2.097854663641335264e+03 1.373256409477861553e+03
2.188912536448897299e+03 1.371095691927889675e+03
6.312022259681972400e+02 1.319885889195914615e+03
7.133614987706000647e+02 1.318020024340273721e+03
7.960050386699896308e+02 1.316127167105412809e+03
8.791389302477687124e+02 1.314206167522193482e+03
9.627689965429472068e+02 1.312255517610226434e+03
1.046899874722967070e+03 1.310273586953726408e+03
1.131534577331721948e+03 1.308258820864318068e+03
1.216674480113314530e+03 1.306209898398420137e+03
1.302319664340845293e+03 1.304125847408930895e+03
1.388469526600284780e+03 1.302006113730951938e+03
1.475123551815036990e+03 1.299850581532578872e+03
1.562282125637608260e+03 1.297659541808350468e+03
1.649947239832906234e+03 1.295433605959543456e+03
1.738122918542739626e+03 1.293173561397621143e+03
1.826815163915444145e+03 1.290880166131216583e+03
1.916031186018210065e+03 1.288553879360531710e+03
2.005777643674445699e+03 1.286194525214526948e+03
2.096057579271616760e+03 1.283800886935671315e+03
2.186865680982073627e+03 1.281370229055679602e+03
6.332652293615856252e+02 1.235324309314847596e+03
7.152150611257399078e+02 1.233204558945240251e+03
7.976471333439153568e+02 1.231056136484044600e+03
8.805678732761623451e+02 1.228878007140797536e+03
9.639832171379534884e+02 1.226668944149176468e+03
1.047897739279979533e+03 1.224427682264778468e+03
1.132314259981778605e+03 1.222153042844773381e+03
1.217233873810348314e+03 1.219844029441471093e+03
1.302656327669551047e+03 1.217499892964192668e+03
1.388580662970944104e+03 1.215120165620752232e+03
1.475006019522943916e+03 1.212704663047599297e+03
1.561932479460839204e+03 1.210253454283575820e+03
1.649361807485503732e+03 1.207766799544508103e+03
1.737297918463005544e+03 1.205245056123993436e+03
1.825746874633829066e+03 1.202688553190381981e+03
1.914716181811492788e+03 1.200097436783347575e+03
2.004213116481684665e+03 1.197471486949259770e+03
2.094241773047697279e+03 1.194809909708444593e+03
2.184798471939460796e+03 1.192111107436888005e+03
6.353018219495961603e+02 1.151179118587929224e+03
7.170434558480836813e+02 1.148807126009749254e+03
7.992652375156542348e+02 1.146404688992367937e+03
8.819737340670415051e+02 1.143971003407863236e+03
9.651748842941534576e+02 1.141505214909713231e+03
1.048873170668141256e+03 1.139006492721852965e+03
1.133071261761253709e+03 1.136474083755625770e+03
1.217770067818173402e+03 1.133907347595171814e+03
1.302969139600473000e+03 1.131305773216330408e+03
1.388667326189091000e+03 1.128668978688640891e+03
1.474863590895846528e+03 1.125996695563687354e+03
1.561557865510642387e+03 1.123288740186125779e+03
1.648751801464759410e+03 1.120544974787946558e+03
1.736449251750695339e+03 1.117765261954996276e+03
1.824656289188901610e+03 1.114949416902239136e+03
1.913380534405553590e+03 1.112097162977354856e+03
2.002629530162143055e+03 1.109208096949623268e+03
2.092407856875300695e+03 1.106281671953605610e+03
2.182712636634242244e+03 1.103317207468308425e+03
6.373129660998330337e+02 1.067449050963289892e+03
7.188477574871408251e+02 1.064826873119250195e+03
8.008604396268124219e+02 1.062172490211538161e+03
8.833575433531359522e+02 1.059485380853619063e+03
9.663449214486133769e+02 1.056765097754861245e+03
1.049826953230575782e+03 1.054011264800199569e+03
1.133806210201679050e+03 1.051223563028664330e+03
1.218283526108285514e+03 1.048401707612784776e+03
1.303258402340817156e+03 1.045545418460405017e+03
1.388729665401945795e+03 1.042654387664351134e+03
1.474696276905264767e+03 1.039728247725447545e+03
1.561158177960248850e+03 1.036766545283879623e+03
1.648117028524872694e+03 1.033768726027650246e+03
1.735576678002123344e+03 1.030734137521558068e+03
1.823543175614033771e+03 1.027662057934326640e+03
1.912024097452024762e+03 1.024551760056066769e+03
2.001026931066733823e+03 1.021402621616428860e+03
2.090556217456595732e+03 1.018214294761547421e+03
2.180609103708702605e+03 1.014986949654196792e+03
6.392992174377952779e+02 9.841331152901791484e+02
7.206285140859132525e+02 9.812633053386682604e+02
8.024332498361704893e+02 9.783596190657693796e+02
8.847197617767205884e+02 9.754218111364823471e+02
9.674937417374353572e+02 9.724498236686347354e+02
1.050759463609787645e+03 9.694437101887814379e+02
1.134519461273901243e+03 9.664035569514468307e+02
1.218774600935821582e+03 9.633294052462837271e+02
1.303524479442515940e+03 9.602211790259804047e+02
1.388768066139978146e+03 9.570786230037002724e+02
1.474504489819920991e+03 9.539012573069213659e+02
1.560733853980542790e+03 9.506883558507329326e+02
1.647457942689907441e+03 9.474389568258167174e+02
1.734680655431666992e+03 9.441519151045478111e+02
1.822407982034659199e+03 9.408260079750232308e+02
1.910647297696135411e+03 9.374601074423238742e+02
1.999405722706451797e+03 9.340534344164335607e+02
2.088687251216975710e+03 9.306059124678299668e+02
2.178488307644657652e+03 9.271186415089836146e+02
6.412606881441823816e+02 9.012303125039946963e+02
7.223857328718885356e+02 8.981158779101966729e+02
8.039836017906561665e+02 8.949660498390350085e+02
8.860602919945170015e+02 8.917807986611920796e+02
9.686212652950323445e+02 8.885603907976185383e+02
1.051670688752340311e+03 8.853052436862329841e+02
1.135211114309727918e+03 8.820157865337089333e+02
1.219243541646844506e+03 8.786923319681720841e+02
1.303767796284916358e+03 8.753349646000584698e+02
1.388783141158302442e+03 8.719434535199566199e+02
1.474289024064470368e+03 8.685171969309276392e+02
1.560285845342407583e+03 8.650552084469964029e+02
1.646775609497784899e+03 8.615561561102244923e+02
1.733762300944476010e+03 8.580184669090119769e+02
1.821251797177753360e+03 8.544405115457922193e+02
1.909251102100358366e+03 8.508208864317084590e+02
1.997766647403555908e+03 8.471588124108883449e+02
2.086801370320091792e+03 8.434546725729151149e+02
2.176350231111257017e+03 8.397107147381494769e+02
6.431971328710642410e+02 8.187393737616205271e+02
7.241189731268345895e+02 8.153836258769356391e+02
8.055109460939072505e+02 8.119911859460275991e+02
8.873785668979508046e+02 8.085621315736034376e+02
9.697269969206562337e+02 8.050969462205605396e+02
1.052560288296363296e+03 8.015963098331726542e+02
1.135881055009127977e+03 7.980609036959583591e+02
1.219690514877839178e+03 7.944912360909181643e+02
1.303988834769729920e+03 7.908874964156000260e+02
1.388775697725109239e+03 7.872494466340763211e+02
1.474050995067188751e+03 7.835763603274751858e+02
1.559815528739708043e+03 7.798670211953844955e+02
1.646071588758134794e+03 7.761197946597345663e+02
1.732823247437607279e+03 7.723327882648620744e+02
1.820076185592285810e+03 7.685041188803102159e+02
1.907836835761606608e+03 7.646323073287676380e+02
1.996110593234870521e+03 7.607168240160121968e+02
2.084898806687736396e+03 7.567588124724786667e+02
2.174194216023039189e+03 7.527620214708172171e+02
6.451081426131177068e+02 7.366586237203734981e+02
7.258275332909291819e+02 7.330649353479416277e+02
8.070144242770708161e+02 7.294335508407315274e+02
8.886737045381075859e+02 7.257645043376477361e+02
9.708101565279906708e+02 7.220583526373804943e+02
1.053427695632885388e+03 7.183159066321443333e+02
1.136529022755440565e+03 7.145379854763282310e+02
1.220115634365872438e+03 7.107252015216448626e+02
1.304188122516299472e+03 7.068777852943649123e+02
1.388746683798314962e+03 7.029954612069434461e+02
1.473791740785340153e+03 6.990773863070672860e+02
1.559324561875452446e+03 6.951221661954771207e+02
1.645347745339623998e+03 6.911279643159430179e+02
1.731865410451768184e+03 6.870927231655423384e+02
1.818882912458389455e+03 6.830145186230279251e+02
1.906405868421265495e+03 6.788920715831382040e+02
1.994438247172558022e+03 6.747254444546750847e+02
2.082979238240825907e+03 6.705169538736046206e+02
2.172018571062413685e+03 6.662723352476566561e+02
6.469934334699595411e+02 6.549860593210637489e+02
7.275107207918899803e+02 6.511575471325107856e+02
8.084931133417362616e+02 6.472907272870625093e+02
8.899447214342358166e+02 6.433854037524670275e+02
9.718698557010948207e+02 6.394420326143895181e+02
1.054272252650396695e+03 6.354613999248606433e+02
1.137154698982660875e+03 6.314443309219161620e+02
1.220518998904268756e+03 6.273914400889304943e+02
1.304366216947119938e+03 6.233029329367810760e+02
1.388697115408818263e+03 6.191784719995807791e+02
1.473512690238254208e+03 6.150171213585667829e+02
1.558814691746802509e+03 6.108173860747225490e+02
1.644605996633876202e+03 6.065773652475281779e+02
1.730890675150912557e+03 6.022950400564988058e+02
1.817673571425430964e+03 5.979687211191449023e+02
1.904959185619420623e+03 5.935976828523200766e+02
1.992749613250011407e+03 5.891830162967551132e+02
2.081041259148957124e+03 5.847287361042093607e+02
2.169820000617555252e+03 5.802431821457242904e+02
6.488532186636765573e+02 5.737197221700951104e+02
7.291681943689998207e+02 5.696588710774307174e+02
8.099463320707134244e+02 5.655596236788373972e+02
8.911907969120852613e+02 5.614213375719089072e+02
9.729053144834844034e+02 5.572441701513581620e+02
1.055093373805548936e+03 5.530287089320970608e+02
1.137757813795717993e+03 5.487756420543224749e+02
1.220900737251385635e+03 5.444854798694373130e+02
1.304523684734058861e+03 5.401583400880539330e+02
1.388627987448019894e+03 5.357938107660718288e+02
1.473215203046322586e+03 5.313909074374781767e+02
1.558287521010832734e+03 5.269481430009848282e+02
1.643848004555424041e+03 5.224637315630191097e+02
1.729900513572272757e+03 5.179359503661731878e+02
1.816449127623111053e+03 5.133636872280164880e+02
1.903496858971370330e+03 5.087472046220093489e+02
1.991043412712647751e+03 5.040891556964917299e+02
2.079081713694509290e+03 4.993958922005135719e+02
2.167592877570736619e+03 4.946791095229723396e+02
6.506886534477409896e+02 4.928584317384774067e+02
7.308003697994670347e+02 4.885666784577390445e+02
8.113740013015803925e+02 4.842371349939367065e+02
8.924115819749933962e+02 4.798684736529454540e+02
9.739161132364346258e+02 4.754603379522546902e+02
1.055890735719658551e+03 4.710129319136311778e+02
1.138338268442997560e+03 4.665266585698526569e+02
1.221261059033590300e+03 4.620018200133066557e+02
1.304661077137285247e+03 4.574383930618206477e+02
1.388540169939018369e+03 4.528358965960218256e+02
1.472900383667371898e+03 4.481933688601968697e+02
1.557744237808085472e+03 4.435094755450289767e+02
1.643074819223636723e+03 4.387827723192224312e+02
1.728895541155592582e+03 4.340121486845096115e+02
1.815209386822789838e+03 4.291974836356642982e+02
1.902017428630368840e+03 4.243405476586360692e+02
1.989316381436585516e+03 4.194461901454067174e+02
2.077094911400802175e+03 4.145238563981299649e+02
2.165328380117250617e+03 4.095894840979278797e+02
