4.395639933050844093e+02 1.987775150058924964e+03
5.504005611520630055e+02 1.984641241416288722e+03
6.601057569774937974e+02 1.981949585080354382e+03
7.689963226153471396e+02 1.979424813088429801e+03
8.772025357746994132e+02 1.976915232247067934e+03
9.847562137656165078e+02 1.974348954365682857e+03
1.091645122739141470e+03 1.971700792002786102e+03
1.197842899600685314e+03 1.968968551829409535e+03
1.303322286244258294e+03 1.966157495523057150e+03
1.408058316379396956e+03 1.963271863271032998e+03
1.512027068825669858e+03 1.960312468555384385e+03
1.615204693986351458e+03 1.957279475902073500e+03
1.717570619834297077e+03 1.954179566617648106e+03
1.819118138888910607e+03 1.951036782050548936e+03
1.919874958162449502e+03 1.947906410378797318e+03
2.019935750733367513e+03 1.944891352057987206e+03
2.119508272203276192e+03 1.942160461523408003e+03
2.218974190385519705e+03 1.939968419135211889e+03
2.318965415490963551e+03 1.938676738244089847e+03
4.398564519482586093e+02 1.877044660565005643e+03
5.498967658172841766e+02 1.874786658517227352e+03
6.590952938723223724e+02 1.872708110575260662e+03
7.676395677061574361e+02 1.870636318310715524e+03
8.755758270108944998e+02 1.868492347205434498e+03
9.828861435717102495e+02 1.866254354717292927e+03
1.089533594092220937e+03 1.863930092537888413e+03
1.195484300332070234e+03 1.861537417672117499e+03
1.300713887518873889e+03 1.859091763986621118e+03
1.405204787916293981e+03 1.856599632197291612e+03
1.508939821136403452e+03 1.854057252797872252e+03
1.611896602987909318e+03 1.851453664005813152e+03
1.714046558312544903e+03 1.848777526188003321e+03
1.815361629486932770e+03 1.846027066138729424e+03
1.915831171214892493e+03 1.843222609671252485e+03
2.015490995027092140e+03 1.840421219857761798e+03
2.114466065544409048e+03 1.837733011467592405e+03
2.213027947857129220e+03 1.835338760223509098e+03
2.311667754868450629e+03 1.833508468892306610e+03
4.397022129860067707e+02 1.767428561230681225e+03
5.492003724987058604e+02 1.765732239008635133e+03
6.580452145003858959e+02 1.764057736041910630e+03
7.663252710076330914e+02 1.762305595109905880e+03
8.740252560647685414e+02 1.760446376013460849e+03
9.810939902125825256e+02 1.758490435353134444e+03
1.087481815707717033e+03 1.756465392361323893e+03
1.193156054706911618e+03 1.754400305799008493e+03
1.298101832689896582e+03 1.752315684409594724e+03
1.402314498439952331e+03 1.750218542038360283e+03
1.505788905762893819e+03 1.748101789021160130e+03
1.608509967947677751e+03 1.745947324508777911e+03
1.710448142104896533e+03 1.743732260659578969e+03
1.811562836419821906e+03 1.741437769690439382e+03
1.911816149496280332e+03 1.739060099166556483e+03
2.011198838748723574e+03 1.736623350134951806e+03
2.109769966476530499e+03 1.734193657225321658e+03
2.207711280859721228e+03 1.731894450079986200e+03
2.305397048392891065e+03 1.729922511822368278e+03
4.393833034926329901e+02 1.658555218576325842e+03
5.484933227350558127e+02 1.657245983180317580e+03
6.570660514435322739e+02 1.655874045396049496e+03
7.651153990544697763e+02 1.654389610293153964e+03
8.725819712108911972e+02 1.652794227933908132e+03
9.793933540266086766e+02 1.651116390968133601e+03
1.085495143897777552e+03 1.649393422464719606e+03
1.190861029714893448e+03 1.647658858259417912e+03
1.295489039703991239e+03 1.645934607207412228e+03
1.399390005265341188e+03 1.644227244687295752e+03
1.502573355372001970e+03 1.642527860108237292e+03
1.605034524896845141e+03 1.640814938576873374e+03
1.706747527376541257e+03 1.639059810795502472e+03
1.807665596984357762e+03 1.637234254160425053e+03
1.907732236640949850e+03 1.635319872344481610e+03
2.006904510913011109e+03 1.633318920783106478e+03
2.105189986126522854e+03 1.631266281809324255e+03
2.202698339200320333e+03 1.629242326041541673e+03
2.299708325020447319e+03 1.627386426332932388e+03
4.390558545165622490e+02 1.550271571551475290e+03
5.478610622865345476e+02 1.549267050370153356e+03
6.561954670886382246e+02 1.548164661671523845e+03
7.640179674650282777e+02 1.546945763285325711e+03
8.712383502961629347e+02 1.545628474577163161e+03
9.777713840094781972e+02 1.544248559912617793e+03
1.083562738194012354e+03 1.542845288940852242e+03
1.188594810616265704e+03 1.541451647082538557e+03
1.292879381205889104e+03 1.540088331418627376e+03
1.396442981911783363e+03 1.538761023447033949e+03
1.499309958149181966e+03 1.537460481364085581e+03
1.601487389818423935e+03 1.536165041062098680e+03
1.702955326651975156e+03 1.534845157307350519e+03
1.803665164045422216e+03 1.533469654937625819e+03
1.903548432605649396e+03 1.532013394731516428e+03
2.002537789329034240e+03 1.530466090162802175e+03
2.100601573324392120e+03 1.528842039848675540e+03
2.197792917768039842e+03 1.527190566393857580e+03
2.294314086435881109e+03 1.525606975766384721e+03
4.387929950528539393e+02 1.442541361615109963e+03
5.473281447701426714e+02 1.441815041739629805e+03
6.554272546768092980e+02 1.440987852648621356e+03
7.630100213693524438e+02 1.440058212479378199e+03
8.699654465810644979e+02 1.439049911432397039e+03
9.762010881087946927e+02 1.437997841791948758e+03
1.081665056244283505e+03 1.436937464689022818e+03
1.186348629046477072e+03 1.435897546803303158e+03
1.290276229577749064e+03 1.434895745711200789e+03
1.393488504970546273e+03 1.433936664067529364e+03
1.496023358039663663e+03 1.433012030591040002e+03
1.597898995437725489e+03 1.432102700215694540e+03
1.699102361481035359e+03 1.431182197054207336e+03
1.799585714160463795e+03 1.430221552260491762e+03
1.899273560823693060e+03 1.429195214715797192e+03
1.998081697737422246e+03 1.428087835923444800e+03
2.095949683147498490e+03 1.426901751785880379e+03
2.192887711192866391e+03 1.425665003245718026e+03
2.289038538381276794e+03 1.424439755274953313e+03
4.386181162476685813e+02 1.335380749078275130e+03
5.468857808746381579e+02 1.334934950470342073e+03
6.547337623917020437e+02 1.334405287591988554e+03
7.620554285469609113e+02 1.333797024175558818e+03
8.687265583864343625e+02 1.333131787645451823e+03
9.746510082494025937e+02 1.332437790575377676e+03
1.079779891858757082e+03 1.331742613877903750e+03
1.184111957168462595e+03 1.331068236240182614e+03
1.287681741771070392e+03 1.330428024451066221e+03
1.390541111155731414e+03 1.329825426785923128e+03
1.492738917489446294e+03 1.329254136738164334e+03
1.594302749559191170e+03 1.328699517307016549e+03
1.695226066796494251e+03 1.328141096950710789e+03
1.795463412608834460e+03 1.327555967360882278e+03
1.894935876149074602e+03 1.326922930562554484e+03
1.993548509562781419e+03 1.326227258637938348e+03
2.091221002806508750e+03 1.325465943743528896e+03
2.187932564153079966e+03 1.324653329160609019e+03
2.283781645941480292e+03 1.323827024001571544e+03
4.385295564359942091e+02 1.228821806147420602e+03
5.465121939300947815e+02 1.228668573782807471e+03
6.540824227834797284e+02 1.228460020989381292e+03
7.611179994948106469e+02 1.228201480550546194e+03
8.674872782249279908e+02 1.227907281519929711e+03
9.730924659665554373e+02 1.227595183537325738e+03
1.077887020289851989e+03 1.227282255381001960e+03
1.181874697505401400e+03 1.226982025825731625e+03
1.285096685839833981e+03 1.226702750482705369e+03
1.387612304889101551e+03 1.226446652627858384e+03
1.489477907130591575e+03 1.226210009179029612e+03
1.590727868669172494e+03 1.225983965052196254e+03
1.691360894708551768e+03 1.225755970198337536e+03
1.791334281454057873e+03 1.225511743774430215e+03
1.890568262098545574e+03 1.225237679207774363e+03
1.988962112838007670e+03 1.224923612439876706e+03
2.086423298847188107e+03 1.224565883446894986e+03
2.182910593818319285e+03 1.224170628285717157e+03
2.278491804632322783e+03 1.223757245461239563e+03
4.385176652501611443e+02 1.122895681023562702e+03
5.461865686953985914e+02 1.123044444023410961e+03
6.534470132272786032e+02 1.123172003356307414e+03
7.601704083079871452e+02 1.123280070848665673e+03
8.662223520413840561e+02 1.123372952650381194e+03
9.715045738463218186e+02 1.123455987438236207e+03
1.075971517690115661e+03 1.123534361979970299e+03
1.179628913703562603e+03 1.123612268594248462e+03
1.282520638733718215e+03 1.123692370916056234e+03
1.384709235780273957e+03 1.123775546228700705e+03
1.486254636601211587e+03 1.123860874447946571e+03
1.587194900423277659e+03 1.123945845636380227e+03
1.687532134991932708e+03 1.124026759682872125e+03
1.787226195383970207e+03 1.124099293499116811e+03
1.886198253152367215e+03 1.124159212759146158e+03
1.984345886306374496e+03 1.124203206835120000e+03
2.081570952877779291e+03 1.124229827160571404e+03
2.177821171553744989e+03 1.124240510777818145e+03
2.273146036820211975e+03 1.124240672297004039e+03
4.385751201486816626e+02 1.017628389223942122e+03
5.458973121540236662e+02 1.018079461485665092e+03
6.528142208249697660e+02 1.018544510362173924e+03
7.591993507931658769e+02 1.019020748970453269e+03
8.649196556667081950e+02 1.019501930264734710e+03
9.698771975763039563e+02 1.019980643476560999e+03
1.074025823659258549e+03 1.020449965369247707e+03
1.177370061101028114e+03 1.020904560834518975e+03
1.279952409541505631e+03 1.021341316235381328e+03
1.381834300392987871e+03 1.021759578931886153e+03
1.483075185553803522e+03 1.022161067512912268e+03
1.583713502809743659e+03 1.022549509302580532e+03
1.683752632515761888e+03 1.022930054626515812e+03
1.783154401435514046e+03 1.023308511029469628e+03
1.881842197180290896e+03 1.023690435056471188e+03
1.979715323562360254e+03 1.024080114274978314e+03
2.076675847067376708e+03 1.024479467861101966e+03
2.172668851882815034e+03 1.024886890239455170e+03
2.267736730388020533e+03 1.025296058898922411e+03
4.387012907615940094e+02 9.130432219904323574e+02
5.456452824648862361e+02 9.137864131310927860e+02
6.521860368899889409e+02 9.145758527785210390e+02
7.582073414753011775e+02 9.154059834431380978e+02
8.635815735392177430e+02 9.162615134277891684e+02
9.682120433269008117e+02 9.171234834748645426e+02
1.072050616990210301e+03 9.179737042723763807e+02
1.175097687822079024e+03 9.187977834308125011e+02
1.277390564274474855e+03 9.195869371023386520e+02
1.378985454096385183e+03 9.203387602388781943e+02
1.479937434314394750e+03 9.210571103821388306e+02
1.580282096717855438e+03 9.217512426673660002e+02
1.680021938894080449e+03 9.224343182372538195e+02
1.779120023420565758e+03 9.231213943490280371e+02
1.877502945070838223e+03 9.238269919737417695e+02
1.975074721051399592e+03 9.245623255003368968e+02
2.071742846237247704e+03 9.253322691462914236e+02
2.167457428591354528e+03 9.261321257290967424e+02
2.262264034467680631e+03 9.269442554648713894e+02
4.389013749216265978e+02 8.091646799819843636e+02
5.454425846155243107e+02 8.101824512613725346e+02
6.515784616357359482e+02 8.112715929372552637e+02
7.572115189361579723e+02 8.124279638800697967e+02
8.622240440991813557e+02 8.136306733431929388e+02
9.665220354393102298e+02 8.148518822406163054e+02
1.070054575264681944e+03 8.160640246861394189e+02
1.172815587368784236e+03 8.172447870988239629e+02
1.274833947711101928e+03 8.183801470553198669e+02
1.376157046919086042e+03 8.194657422540917651e+02
1.476832130004446071e+03 8.205068111707907974e+02
1.576889052796581609e+03 8.215169209697145334e+02
1.676327487203909641e+03 8.225156747539272146e+02
1.775111070485203527e+03 8.235255690644620472e+02
1.873170519964339292e+03 8.245681534715520229e+02
1.970417317460347249e+03 8.256596269480708088e+02
2.066769201172227440e+03 8.268059903015040391e+02
2.162188381478573319e+03 8.279978601036724513e+02
2.256733194865645146e+03 8.292049884576910017e+02
4.391809646729791439e+02 7.060196550208988810e+02
5.453074784060015645e+02 7.072943956726294346e+02
6.510169586612522608e+02 7.086532593427372149e+02
7.562397990806924781e+02 7.101000719361591109e+02
8.608735169499765334e+02 7.116136712069886698e+02
9.648291400102048101e+02 7.131614548555552346e+02
1.068053088929887053e+03 7.147094268780392667e+02
1.170531392513280480e+03 7.162291932489172268e+02
1.272282115029056513e+03 7.177023117961617800e+02
1.373341022458535463e+03 7.191223591992426236e+02
1.473744756591980376e+03 7.204950400424660302e+02
1.573515113282749553e+03 7.218366284589362749e+02
1.672647425198696055e+03 7.231710017955452940e+02
1.771105522274777286e+03 7.245254976316994089e+02
1.868825277684698676e+03 7.259258001296353768e+02
1.965728337096145651e+03 7.273900388376976025e+02
2.061747268452291792e+03 7.289222624836427258e+02
2.156863053294790916e+03 7.305054317740283523e+02
2.251155644927584035e+03 7.320940043322559632e+02
4.395366404732129695e+02 6.036323040219532459e+02
5.452558958114821053e+02 6.051574220831705588e+02
6.505290610499051809e+02 6.067602296523089080e+02
7.553246883120933717e+02 6.084613839639048365e+02
8.595620488365849496e+02 6.102466461202229766e+02
9.631607809478945228e+02 6.120842317082301633e+02
1.066065999997359313e+03 6.139377619035731186e+02
1.168255607863005935e+03 6.157753754336223437e+02
1.269735601149012155e+03 6.175755050011088088e+02
1.370528341328981469e+03 6.193297702144607229e+02
1.470658006633886998e+03 6.210433922981422938e+02
1.570136785297501319e+03 6.227334934653518985e+02
1.668954784472738993e+03 6.244256054545023744e+02
1.767076111120473342e+03 6.261486770154933765e+02
1.864443123551835470e+03 6.279288387626434087e+02
1.960990448828174749e+03 6.297821554926968020e+02
2.056670006238323367e+03 6.317065705252697398e+02
2.151488041009903554e+03 6.336731663427301555e+02
2.245554378888699375e+03 6.356172429779689992e+02
4.399431368079402773e+02 5.020096969525171744e+02
5.452900202068271938e+02 5.038043179172386772e+02
6.501344961366519328e+02 5.056420523668888336e+02
7.544950430629509128e+02 5.075715557175767572e+02
8.583207486531325685e+02 5.095945948292750245e+02
9.615449864391450774e+02 5.116872964930788612e+02
1.064114434619622671e+03 5.138161189276740970e+02
1.166000084918562834e+03 5.159492118614251694e+02
1.267195969109007365e+03 5.180637639638792962e+02
1.367710510616106149e+03 5.201498756635139671e+02
1.467554678717114257e+03 5.222114402456811604e+02
1.566730474312091474e+03 5.242644661008856701e+02
1.665222700909059085e+03 5.263332276573094077e+02
1.762996464953341956e+03 5.284445914830026823e+02
1.860002399218299161e+03 5.306208269116635847e+02
1.956191205577766596e+03 5.328711769882983162e+02
2.051538834330680402e+03 5.351823746847193206e+02
2.146082822149281583e+03 5.375086829137890163e+02
2.239971483265258030e+03 5.397607577705613267e+02
4.403375721279481922e+02 4.011158834259921377e+02
5.453843390841896053e+02 4.032430322339265558e+02
6.498331640385130186e+02 4.053390073641377285e+02
7.537660385392549642e+02 4.074939543851073722e+02
8.571717659906507834e+02 4.097366661222466746e+02
9.600043955134501630e+02 4.120598605080000425e+02
1.062216797589077260e+03 4.144393206521593811e+02
1.163775948898167599e+03 4.168476641881619571e+02
1.264665590562085072e+03 4.192634325692387165e+02
1.364881118580936118e+03 4.216761215119888675e+02
1.464420848087150034e+03 4.240877106483980015e+02
1.563277155398835475e+03 4.265111931254102728e+02
1.661430435840669816e+03 4.289665538969068166e+02
1.758848313699414120e+03 4.314745983346124376e+02
1.855492096956038267e+03 4.340489901234099079e+02
1.951332144071108360e+03 4.366867546974855259e+02
2.046373006974674354e+03 4.393579155620165011e+02
2.140690264500593003e+03 4.419935696272160612e+02
2.234478471046786126e+03 4.444738822701531262e+02
4.406011900239037686e+02 3.008325181692493970e+02
5.454695444686631163e+02 3.034207272998991129e+02
6.495912756743339287e+02 3.058491722003736868e+02
7.531275877526139766e+02 3.082653570502639013e+02
8.561190031097987685e+02 3.107381344443623448e+02
9.585492465223776435e+02 3.132871770517945151e+02
1.060383995325646538e+03 3.159054641236398311e+02
1.161590991179545199e+03 3.185756479901184548e+02
1.262147121811606667e+03 3.212810801775924574e+02
1.362037289636610012e+03 3.240121989430077747e+02
1.461249178929413119e+03 3.267689092430103983e+02
1.559767405813997811e+03 3.295595218459118314e+02
1.657569978016104187e+03 3.323967599179734407e+02
1.754629497093675582e+03 3.352912884711496417e+02
1.850921160811305981e+03 3.382431060521751078e+02
1.946438806029432953e+03 3.412315680197427810e+02
2.041221164445296381e+03 3.442033593586637608e+02
2.135388113258752583e+03 3.470600399301572452e+02
2.229188499524356303e+03 3.496444251204977718e+02
4.405390165282273074e+02 2.009046212163755172e+02
5.454146209691621152e+02 2.041729618718458141e+02
6.493259290283535847e+02 2.070806715355572578e+02
7.525314318171384684e+02 2.098509338212836610e+02
8.551377166077986658e+02 2.126078059220793648e+02
9.571694618620347228e+02 2.154100785776959128e+02
1.058613952227684422e+03 2.182773139648480765e+02
1.159446545013783862e+03 2.212090216446993054e+02
1.259642647820614229e+03 2.241978384726945706e+02
1.359180988606870187e+03 2.272374925529002212e+02
1.458042265483112033e+03 2.303262532203555111e+02
1.556206645685982949e+03 2.334664980277090081e+02
1.653653034000357138e+03 2.366609632090791138e+02
1.750362602383490639e+03 2.399061131916221257e+02
1.846328235076493002e+03 2.431835153466170141e+02
1.941572360323242719e+03 2.464485549624467922e+02
2.036173334986150849e+03 2.496182741351088907e+02
2.130302190339484696e+03 2.525575990747220203e+02
2.224270140441880358e+03 2.550646653298514366e+02
4.398578000527567156e+02 1.008704306575145893e+02
5.450074300398433707e+02 1.051570068611581519e+02
6.488883776532323964e+02 1.087881470804068158e+02
7.518771039498699338e+02 1.120835840983414755e+02
8.541631623824001736e+02 1.152399511158641872e+02
9.558259361502734919e+02 1.183692519386385129e+02
1.056885483399575833e+03 1.215286799118281351e+02
1.157333865289686855e+03 1.247428379137368211e+02
1.257152474492686451e+03 1.280193091547287167e+02
1.356320115645541591e+03 1.313584350557025573e+02
1.454815905837825767e+03 1.347580713667420014e+02
1.552620454361162047e+03 1.382140162499167673e+02
1.649718294880552776e+03 1.417166564513387357e+02
1.746103679611484949e+03 1.452448514234907861e+02
1.841792548607646950e+03 1.487564121935259891e+02
1.936841255417531102e+03 1.521771414587700519e+02
2.031374123305710555e+03 1.553877037336870899e+02
2.125620533117988089e+03 1.582091340641688930e+02
2.219962339881647495e+03 1.603872294447868398e+02
4.234016911224895239e+02 1.993255622116994573e+03
5.226644815434225393e+02 1.990292569236665713e+03
6.209265541714779602e+02 1.987767562763593560e+03
7.184772234286971297e+02 1.985447024570412395e+03
8.154601964846560804e+02 1.983188550899811162e+03
9.119330787855390099e+02 1.980913099745117961e+03
1.007907470589526270e+03 1.978583017000598147e+03
1.103374115333732334e+03 1.976185232990228769e+03
1.198316983339101853e+03 1.973719028309169516e+03
1.292719663252818464e+03 1.971187828809222310e+03
1.386566981621287141e+03 1.968594544579529611e+03
1.479844371643945806e+03 1.965940017425153655e+03
1.572537444230586516e+03 1.963224168532535941e+03
1.664631949116784199e+03 1.960449599366558232e+03
1.756119794702816989e+03 1.957627077327714687e+03
1.847007136503953461e+03 1.954782957704269393e+03
1.937329580341840483e+03 1.951968043480241704e+03
2.027173907326005974e+03 1.949267753347492089e+03
2.116707348201406603e+03 1.946813378932882642e+03
4.238571561873704923e+02 1.894118216892024066e+03
5.223994594336586488e+02 1.891936915152409938e+03
6.201844149801928552e+02 1.889974165290816472e+03
7.174068674238541234e+02 1.888070528104336063e+03
8.141445934242846079e+02 1.886138716915185796e+03
9.104118236291685662e+02 1.884139837556590010e+03
1.006194182187281513e+03 1.882064690964125248e+03
1.101469372684847485e+03 1.879919559446875610e+03
1.196217378649084822e+03 1.877715955792219120e+03
1.290423450367592295e+03 1.875463866914166829e+03
1.384076710773327932e+03 1.873168071259494809e+03
1.477166825295677427e+03 1.870827152073617526e+03
1.569681122697089222e+03 1.868434828747810116e+03
1.661602298198327389e+03 1.865983530166682613e+03
1.752912316961464057e+03 1.863469373319641818e+03
1.843598487591310914e+03 1.860899044831703122e+03
1.933666714325459679e+03 1.858297815177380016e+03
2.023161304937106252e+03 1.855718706301906877e+03
2.112192336021363190e+03 1.853252599912677169e+03
4.238752980695809356e+02 1.795973517658101628e+03
5.219096706834181987e+02 1.794314125858674061e+03
6.193569658030651226e+02 1.792729601442497824e+03
7.163367692007043388e+02 1.791116235948225494e+03
8.128758439168570931e+02 1.789426814974250874e+03
9.089564826482428543e+02 1.787650539691418999e+03
1.004547014570183933e+03 1.785797282320348131e+03
1.099618673463000732e+03 1.783885680967891858e+03
1.194152488887089248e+03 1.781934628569988035e+03
1.288139379511229208e+03 1.779957755371581698e+03
1.381576200844645882e+03 1.777960544784979675e+03
1.474460122489724199e+03 1.775939758972137952e+03
1.566783662648590962e+03 1.773884823646690620e+03
1.658530453023217660e+03 1.771781265697558865e+03
1.749677322538099361e+03 1.769615092340609635e+03
1.840198611731926349e+03 1.767379058616471639e+03
1.930077708361639679e+03 1.765079775287449593e+03
2.019325148075570269e+03 1.762745828071166670e+03
2.108004259644548256e+03 1.760436699880910055e+03
4.236917015589108360e+02 1.698494477219747296e+03
5.213585012718378948e+02 1.697197601165446940e+03
6.185533065443107716e+02 1.695887521843011200e+03
7.153364513860378793e+02 1.694501090019313779e+03
8.116957679253520155e+02 1.693018828762736121e+03
9.075905287880000287e+02 1.691448215236604710e+03
1.002978196924520489e+03 1.689810610504894157e+03
1.097828077190591330e+03 1.688131422372306133e+03
1.192125433430674775e+03 1.686433127386191018e+03
1.285869165031562261e+03 1.684730815370459368e+03
1.379065721392827072e+03 1.683029953567511029e+03
1.471721565612454924e+03 1.681326097934520703e+03
1.563836462272916606e+03 1.679606225113029495e+03
1.655397602368616162e+03 1.677851949043180639e+03
1.746380144637625108e+03 1.676043226380787019e+03
1.836750009705297998e+03 1.674163955074701335e+03
1.926473918426047021e+03 1.672208130976214079e+03
2.015535981815867444e+03 1.670186885117845122e+03
2.103961803420809701e+03 1.668136195815760630e+03
4.234508206318522525e+02 1.601518492050198347e+03
5.208368186817326659e+02 1.600495489241248151e+03
6.178254574522206894e+02 1.599411187154554682e+03
7.144311378801223782e+02 1.598230672203288350e+03
8.106124798457642555e+02 1.596952237928498562e+03
9.063125643351870622e+02 1.595593751390120588e+03
1.001482557670377446e+03 1.594182019860648325e+03
1.096092708368271587e+03 1.592744818196030110e+03
1.190134190269671080e+03 1.591305270559043947e+03
1.283614807807476609e+03 1.589878310370639610e+03
1.376551174336964550e+03 1.588468969723998725e+03
1.468959616600514437e+03 1.587072274254351896e+03
1.560848033488476176e+03 1.585674437772363490e+03
1.652208659683768474e+03 1.584255793372611834e+03
1.743017324823804756e+03 1.582793767313003627e+03
1.833234950838061650e+03 1.581267770776594944e+03
1.922816298795388775e+03 1.579664374492627758e+03
2.011725232570121989e+03 1.577983243554452201e+03
2.099957444925695199e+03 1.576243627077616111e+03
4.232327961694078340e+02 1.504981055678110124e+03
5.203857453529049053e+02 1.504190428101804400e+03
6.171874322708522413e+02 1.503318463176809018e+03
7.136174234476237643e+02 1.502348675713149305e+03
8.096129081383963921e+02 1.501289240521135525e+03
9.051059047444967973e+02 1.500162209418794191e+03
1.000044350532076805e+03 1.498995114985493274e+03
1.094400969752744231e+03 1.497814692898652311e+03
1.188173311099642433e+03 1.496642480595179222e+03
1.281377898879071836e+03 1.495492073524414081e+03
1.374041047188432003e+03 1.494367841601860391e+03
1.466188797710301287e+03 1.493264806789779414e+03
1.557836344808213653e+03 1.492170240835643881e+03
1.648982304000302975e+03 1.491065055168512345e+03
1.739604328714880921e+03 1.489927210479449741e+03
1.829660822882977527e+03 1.488735274220931387e+03
1.919098329384962426e+03 1.487472716482357100e+03
2.007865641139958598e+03 1.486132733685747098e+03
2.095935307963419291e+03 1.484723514165335473e+03
4.230750562308625149e+02 1.408870399293816263e+03
5.200149763698087781e+02 1.408299414088016192e+03
6.166305723646107708e+02 1.407646173266017286e+03
7.128758806280277440e+02 1.406905048570561348e+03
8.086728924119490785e+02 1.406088041217812361e+03
9.039463476780872497e+02 1.405216653752112279e+03
9.986428447392131602e+02 1.404315565480143960e+03
1.092738073085922224e+03 1.403407911248628579e+03
1.186235484575986447e+03 1.402511982215788521e+03
1.279159282082311620e+03 1.401639184455612394e+03
1.371544218790970717e+03 1.400793106863479579e+03
1.463424625885715841e+03 1.399969419273738367e+03
1.554822960822492405e+03 1.399157340182490316e+03
1.645743272171338731e+03 1.398340430494799421e+03
1.736165958623247207e+03 1.397499436008905150e+03
1.826048617029632624e+03 1.396614989199818638e+03
1.915332510511854252e+03 1.395670922969929734e+03
2.003955691005025528e+03 1.394657985326421112e+03
2.091873435431894904e+03 1.393577888938666092e+03
4.229892204866062002e+02 1.313198518296983593e+03
5.197170790554393989e+02 1.312849333560018977e+03
6.161355003324467816e+02 1.312429471712386203e+03
7.121808876858956410e+02 1.311938590806152661e+03
8.077650708587716508e+02 1.311388096029158987e+03
9.028082729550581007e+02 1.310795505696904911e+03
9.972567611482702432e+02 1.310180064582111527e+03
1.091088908153109969e+03 1.309559469065439089e+03
1.184312910412567362e+03 1.308947580806754331e+03
1.276958982642870069e+03 1.308353016801113426e+03
1.369068710287947397e+03 1.307778351730381701e+03
1.460682265740351568e+03 1.307220804990178522e+03
1.551828730612339314e+03 1.306671934413944655e+03
1.642516606726577720e+03 1.306119428335783368e+03
1.732729120874405453e+03 1.305548567479102985e+03
1.822424160550475790e+03 1.304944230911271916e+03
1.911539993536785914e+03 1.304293233734019395e+03
2.000007557304323655e+03 1.303586944656419291e+03
2.087769965446614606e+03 1.302824136409440371e+03
4.229737823930107652e+02 1.217984559204594916e+03
5.194781725048130738e+02 1.217864252743011093e+03
6.156810198982481097e+02 1.217692444488482124e+03
7.115079370620911732e+02 1.217470314802275198e+03
8.068647537469282724e+02 1.217205717987310891e+03
9.016692086074651797e+02 1.216909913918414759e+03
9.958676319209112080e+02 1.216595014502642471e+03
1.089440272920310917e+03 1.216272071266370858e+03
1.182398454611234001e+03 1.215949736233180374e+03
1.274776537434322336e+03 1.215633253434691596e+03
1.366619824304230178e+03 1.215324797220952860e+03
1.457973563111514522e+03 1.215022439568391974e+03
1.548870805379449621e+03 1.214721227546539922e+03
1.639323596151598167e+03 1.214413696139071135e+03
1.729317642420024640e+03 1.214090821291429847e+03
1.818811750649610303e+03 1.213743202446702753e+03
1.907742960923913415e+03 1.213362440222503665e+03
1.996038150924737238e+03 1.212942677759867365e+03
2.083632746810245408e+03 1.212482276933092407e+03
4.230229988392660516e+02 1.123247052600501547e+03
5.192853488318639847e+02 1.123361056859686869e+03
6.152502597703994525e+02 1.123446625868917408e+03
7.108386614644107340e+02 1.123504347070850145e+03
8.059539627580967363e+02 1.123536904806960820e+03
9.005129883919080385e+02 1.123548078728407745e+03
9.944621573052008898e+02 1.123541945323584514e+03
1.087782488880861820e+03 1.123522268044084285e+03
1.180486562692709640e+03 1.123492061326615840e+03
1.272610371458434656e+03 1.123453106295693487e+03
1.364201116250688301e+03 1.123406639318715406e+03
1.455306168101190451e+03 1.123352130643256032e+03
1.545960790699013614e+03 1.123288203096020652e+03
1.636179173664990458e+03 1.123212647965061478e+03
1.725948864604084520e+03 1.123122729035386556e+03
1.815229880150103099e+03 1.123015562248522883e+03
1.903959410006759754e+03 1.122888558572382635e+03
1.992062876407532713e+03 1.122739918230403191e+03
2.079471977635087114e+03 1.122569165032409273e+03
4.231323770034586005e+02 1.029001931350923769e+03
5.191311647817879020e+02 1.029350469881298295e+03
6.148343325261920427e+02 1.029694547132546859e+03
7.101637942269942414e+02 1.030033565790269904e+03
8.050238012507592202e+02 1.030364654618978648e+03
8.993316168923081477e+02 1.030683862117550007e+03
9.930336290688936742e+02 1.030987059662376168e+03
1.086110601452350238e+03 1.031270375688464128e+03
1.178574115185201890e+03 1.031531514047619339e+03
1.270459363002908503e+03 1.031768713569124202e+03
1.361813378674153228e+03 1.031981718167929330e+03
1.452683070400058796e+03 1.032171538448456658e+03
1.543103861322868397e+03 1.032340314259642810e+03
1.633090566863886806e+03 1.032491079714008492e+03
1.722631771865489100e+03 1.032627443697563194e+03
1.811688779070403598e+03 1.032753196596394673e+03
1.900200031527162309e+03 1.032871852002334208e+03
1.988091762408659406e+03 1.032986130499134788e+03
2.075295494088120449e+03 1.033097391240197794e+03
4.233011117360051685e+02 9.352636752397716009e+02
5.190155021500961539e+02 9.358408763426278938e+02
6.144337552258938331e+02 9.364358126319835947e+02
7.094842617556790856e+02 9.370475371877187172e+02
8.040753069586506854e+02 9.376683950109636498e+02
8.981259497500884663e+02 9.382873656178467172e+02
9.915826424435912259e+02 9.388923927899608088e+02
1.084424149939487961e+03 9.394732568788817844e+02
1.176660010926402720e+03 9.400214460966051320e+02
1.268322301484487298e+03 9.405319196495075857e+02
1.359455081466627689e+03 9.410032302422633848e+02
1.450102684527870906e+03 9.414374978229147928e+02
1.540298686620158833e+03 9.418400470850153852e+02
1.630057014201666789e+03 9.422187529916487847e+02
1.719366440056324791e+03 9.425831329328761967e+02
1.808189526218076480e+03 9.429432191560656520e+02
1.896466907161822519e+03 9.433082407518379569e+02
1.984127659563509724e+03 9.436851406767071921e+02
2.071106375215033495e+03 9.440769499914890730e+02
4.235317936741772655e+02 8.420472790381541017e+02
5.189450679371786919e+02 8.428427120714559351e+02
6.140578562364047457e+02 8.436735341665139458e+02
7.088105886499702137e+02 8.445406404083100824e+02
8.031190406395960508e+02 8.454332035089787496e+02
8.969054267471062758e+02 8.463351974865503280e+02
9.901162285429307985e+02 8.472280574225165992e+02
1.082728118708987722e+03 8.480948774099908860e+02
1.174746454696683713e+03 8.489223508540280818e+02
1.266198366867143477e+03 8.497021387634121083e+02
1.357122788695545296e+03 8.504315097009334750e+02
1.447559380926537187e+03 8.511133437222279099e+02
1.537538032758069676e+03 8.517555818623208097e+02
1.627070385394971709e+03 8.523701931386998467e+02
1.716144613190862174e+03 8.529717225217842724e+02
1.804724511961230291e+03 8.535754757782916613e+02
1.892753780081748118e+03 8.541953904286718853e+02
1.980166233145831484e+03 8.548416361918472148e+02
2.066902564963937948e+03 8.555179831414728824e+02
4.238277091246825421e+02 7.493687677424654794e+02
5.189308324768931016e+02 7.503712067838421262e+02
6.137224466860737948e+02 7.514189595302173075e+02
7.081608771201584887e+02 7.525182636982490294e+02
8.021728570425666476e+02 7.536585998211339756e+02
8.956861275914121734e+02 7.548202844850443398e+02
9.886477734574175429e+02 7.559803766358862731e+02
1.081031670000266786e+03 7.571170977261787129e+02
1.172837989429719983e+03 7.582129446218352768e+02
1.264087333446790353e+03 7.592566545280230912e+02
1.354811722395390234e+03 7.602441635321790727e+02
1.445044371975719514e+03 7.611786845257645382e+02
1.534809923796237172e+03 7.620700160931027085e+02
1.624116561755266275e+03 7.629331812970117426e+02
1.712951239064147785e+03 7.637864840098526429e+02
1.801279057594412734e+03 7.646490604088031660e+02
1.889047679393476301e+03 7.655379943592145082e+02
1.976197507182970639e+03 7.664650575425724810e+02
2.062678244198786615e+03 7.674331282470531050e+02
4.241878113027224799e+02 6.572442397199392872e+02
5.189833180089050302e+02 6.584475198401704574e+02
6.134455015217087066e+02 6.596943994413823020e+02
7.075569359619195211e+02 6.610012416916092661e+02
8.012596642998445304e+02 6.623615796919724517e+02
8.944892747654893128e+02 6.637558531612338584e+02
9.871947233260367511e+02 6.651590137721232168e+02
1.079347238013661809e+03 6.665462494133521432e+02
1.170941219632969933e+03 6.678970509266738418e+02
1.261989679051522671e+03 6.691978207840049890e+02
1.352516419000888391e+03 6.704432014989190520e+02
1.442546873654802084e+03 6.716362821006371178e+02
1.532099258178742502e+03 6.727878235439654873e+02
1.621177449309692292e+03 6.739146283075191377e+02
1.709766813519041762e+03 6.750371654806862125e+02
1.797834018445133779e+03 6.761765502056855439e+02
1.885331703355603850e+03 6.773509652849299982e+02
1.972208742981606292e+03 6.785716029568288832e+02
2.058426713969898628e+03 6.798381961662677213e+02
4.246000545049653283e+02 5.656818383062034172e+02
5.191067095824274702e+02 5.670926948660977587e+02
6.132421111465691865e+02 5.685288828117785442e+02
7.070201216510815811e+02 5.700229472762434852e+02
8.004030444503146100e+02 5.715775474434483385e+02
8.933375642379141937e+02 5.731773741988217807e+02
9.857764033557286893e+02 5.747984993908694378e+02
1.077688994319405538e+03 5.764154551157369042e+02
1.169064054037412461e+03 5.780063100218673071e+02
1.259906576351243757e+03 5.795559812868604013e+02
1.350231431931639918e+03 5.810579953819724324e+02
1.440055473895600471e+03 5.825148877700643197e+02
1.529389789825840580e+03 5.839374110572350673e+02
1.618233512607105695e+03 5.853427026311931058e+02
1.706570400407306124e+03 5.867515462805165498e+02
1.794369217299164575e+03 5.881848475229467113e+02
1.881588787797290024e+03 5.896594292158273447e+02
1.968188458594261874e+03 5.911832423282221498e+02
2.054144576874999075e+03 5.927500763842238030e+02
4.250327090008051982e+02 4.746708034358767918e+02
5.192909562351106842e+02 4.763186499231931066e+02
6.131174145932827741e+02 4.779508406124689373e+02
7.065651330900814173e+02 4.796234407398453641e+02
7.996224971788358289e+02 4.813543910683243894e+02
8.922514056478448765e+02 4.831376615040087472e+02
9.844110946650511096e+02 4.849544049863679902e+02
1.076070878145558936e+03 4.867814569913560945e+02
1.167214664683761839e+03 4.885974900517107926e+02
1.257839747517139585e+03 4.903871002434162847e+02
1.347952040716361353e+03 4.921430733167990184e+02
1.437559647790560348e+03 4.938670517934505142e+02
1.526666394308540475e+03 4.955688006547439954e+02
1.615266730472827248e+03 4.972642479822195583e+02
1.703343209677676214e+03 4.989724578601050098e+02
1.790867572069074413e+03 5.007116758176250642e+02
1.877806305415804218e+03 5.024945718905754575e+02
1.964131416861530397e+03 5.043227928489413898e+02
2.049837026258157493e+03 5.061809231140243810e+02
4.254242967953641710e+02 3.841625837388817217e+02
5.195027849603490040e+02 3.861111974208515676e+02
6.130587275381226391e+02 3.879728069349499719e+02
7.061932761113729384e+02 3.898356399090359901e+02
7.989277366612811875e+02 3.917401876999189199e+02
8.912443417466447499e+02 3.936956663332732660e+02
9.831125644679980269e+02 3.956930505375180473e+02
1.074504216244764166e+03 3.977150720687731109e+02
1.165400167017274498e+03 3.997435332274310440e+02
1.255791167406638351e+03 4.017642500397832919e+02
1.345674933072871681e+03 4.037699066954770615e+02
1.435051367863408586e+03 4.057610731927189818e+02
1.523917550574738243e+03 4.077456114702646346e+02
1.612263886840534951e+03 4.097366713412541230e+02
1.700072629710277852e+03 4.117494560516046249e+02
1.787319797086396648e+03 4.137969180451375451e+02
1.873981358808746108e+03 4.158845283262327257e+02
1.960044428524212208e+03 4.180042474808617499e+02
2.045524073496218989e+03 4.201278127752411820e+02
4.256721501264610197e+02 2.940446782768526646e+02
5.196754800568413657e+02 2.964057987853517488e+02
6.130265672747253802e+02 2.985688816937905585e+02
7.058847465510282291e+02 3.006642989984961787e+02
7.983122341176997452e+02 3.027635184640810166e+02
8.903178417786728005e+02 3.048979585890863291e+02
9.818860925411081553e+02 3.070739922135225015e+02
1.072994956449100982e+03 3.092845348856233159e+02
1.163625027007404697e+03 3.115176095922009836e+02
1.253762603844222440e+03 3.137622391861493725e+02
1.343398831629332790e+03 3.160119814616205076e+02
1.432526764684877662e+03 3.182663890044134405e+02
1.521137977515960074e+03 3.205306463790068392e+02
1.609220120299536120e+03 3.228136106239794572e+02
1.696756622166503121e+03 3.251244571548581916e+02
1.783729571143236626e+03 3.274681117779180113e+02
1.870126645398198434e+03 3.298396303781930783e+02
1.955952833722068817e+03 3.322176707549016328e+02
2.041247561934410669e+03 3.345571858480087712e+02
4.103241593503840932e+02 1.997706574951105722e+03
5.002196599060225708e+02 1.994894077600145238e+03
5.892204832088897319e+02 1.992502730594162131e+03
6.775827966704290475e+02 1.990335648070085199e+03
7.654503200214602430e+02 1.988263796200418255e+03
8.528939303997108254e+02 1.986208012516028930e+03
9.399411973740409394e+02 1.984124075630598554e+03
1.026596301078407123e+03 1.981990837882036203e+03
1.112852686965000430e+03 1.979801043118714915e+03
1.198700270188636296e+03 1.977554543766192637e+03
1.284128783914194173e+03 1.975253659864844849e+03
1.369128672318936879e+03 1.972900448595359194e+03
1.453690758020343083e+03 1.970495676140619935e+03
1.537805762635384781e+03 1.968039304783632588e+03
1.621464625942370503e+03 1.965532327108827303e+03
1.704660451659402952e+03 1.962979796239431835e+03
1.787392804356962642e+03 1.960394916373019441e+03
1.869674990846164974e+03 1.957804071623775826e+03
1.951544879050190730e+03 1.955252683484059617e+03
4.108927000874647320e+02 1.907948565913543462e+03
5.001367545565092314e+02 1.905835693958425964e+03
5.886899988490287114e+02 1.903960939085025075e+03
6.767385117515576667e+02 1.902182206911945059e+03
7.643745912245527734e+02 1.900412375776282033e+03
8.516328888766406635e+02 1.898604196727910676e+03
9.385169106823825587e+02 1.896737227441668210e+03
1.025016280230106531e+03 1.894807588812089307e+03
1.111117059520547855e+03 1.892820082889633113e+03
1.196806889749519087e+03 1.890782421004077833e+03
1.282076501717333485e+03 1.888701335904018833e+03
1.366918957249617279e+03 1.886580374346193594e+03
1.451327816640146466e+03 1.884419186997085717e+03
1.535295280240026159e+03 1.882214150948212819e+03
1.618811222751350215e+03 1.879960176766801851e+03
1.701863924578371780e+03 1.877653566962646892e+03
1.784443203975514280e+03 1.875295806194570787e+03
1.866546565111971177e+03 1.872898175599140359e+03
1.948188899106641202e+03 1.870487094422628388e+03
4.110441999905917783e+02 1.819079679829056431e+03
4.998144127399834815e+02 1.817451028410287563e+03
5.880432905257306402e+02 1.815933736321380366e+03
6.758603262581411855e+02 1.814427631997223216e+03
7.633162171964703475e+02 1.812877798274604402e+03
8.504174079842989613e+02 1.811260630946259653e+03
9.371496458298977359e+02 1.809572767962442413e+03
1.023492930065009659e+03 1.807822317345306601e+03
1.109429805767898415e+03 1.806022141620978346e+03
1.194948717134915796e+03 1.804184980408831962e+03
1.280043929032330198e+03 1.802320214406842297e+03
1.364713341809387202e+03 1.800432093564243587e+03
1.448955362425992689e+03 1.798519269911504807e+03
1.532765851910060746e+03 1.796575491482242796e+03
1.616136042999269421e+03 1.794591328158869146e+03
1.699052210630896525e+03 1.792556813238527866e+03
1.781497779997170255e+03 1.790464896172432418e+03
1.863458470625325617e+03 1.788315612394378832e+03
1.944930998967051437e+03 1.786120885528235249e+03
4.109752382553077723e+02 1.730817048184630949e+03
4.993954096357158505e+02 1.729531786468280416e+03
5.873822866086775321e+02 1.728272814423329237e+03
6.750185022623397799e+02 1.726972790756256018e+03
7.623218971737453558e+02 1.725600420731855138e+03
8.492772378316068398e+02 1.724148839744428642e+03
9.358574746383967522e+02 1.722626203198762823e+03
1.022036697502856441e+03 1.721048252768713155e+03
1.107796689729961145e+03 1.719432651442465385e+03
1.193128752751612865e+03 1.717794900042393238e+03
1.278032272157384114e+03 1.716145666295783030e+03
1.362511316706904381e+03 1.714489374188742659e+03
1.446570404021796094e+03 1.712823916405054661e+03
1.530210427190991140e+03 1.711141366268769389e+03
1.613425613521012110e+03 1.709429577897495619e+03
1.696202278261502443e+03 1.707674574346402551e+03
1.778520040654432705e+03 1.705863633485701030e+03
1.860356085574633653e+03 1.703988990303323135e+03
1.941692979979722395e+03 1.702052082348583554e+03
4.108147742664734778e+02 1.643003535903586226e+03
4.989684757925155054e+02 1.641974275184641783e+03
5.867643482331972109e+02 1.640918474504912410e+03
6.742475143478377504e+02 1.639792932195705134e+03
7.614099943732792326e+02 1.638583005570294745e+03
8.482201410227087308e+02 1.637292864944063240e+03
9.346419345319081913e+02 1.635937612164304255e+03
1.020646244408284133e+03 1.634537070295111334e+03
1.106215913397487157e+03 1.633111069706420494e+03
1.191346296471327832e+03 1.631676072716181352e+03
1.276042690376774544e+03 1.630242994271405223e+03
1.360315914765856178e+03 1.628816090057233851e+03
1.444177151701152070e+03 1.627392796012713461e+03
1.527633014183565820e+03 1.625964414617841612e+03
1.610681694271145489e+03 1.624517553600291649e+03
1.693310935534626424e+03 1.623036231985643553e+03
1.775498481386339563e+03 1.621504576768306833e+03
1.857215568742357391e+03 1.619910040991237111e+03
1.938433964195972294e+03 1.618247080764448583e+03
4.106425638365928990e+02 1.555561152102113965e+03
4.985821729843482899e+02 1.554739396060718263e+03
5.862151355390849403e+02 1.553861873016325490e+03
6.735568987308429314e+02 1.552902634525051099e+03
7.605795076489105213e+02 1.551857990007062881e+03
8.472391071970851044e+02 1.550738500446669150e+03
9.334935885140037044e+02 1.549562511925410490e+03
1.019312439132440545e+03 1.548351070426306251e+03
1.104680610772647924e+03 1.547124074394399486e+03
1.189598001042853184e+03 1.545897535222712122e+03
1.274075952547301085e+03 1.544681828264854857e+03
1.358132002342467104e+03 1.543480828258513156e+03
1.441783963946264976e+03 1.542291833272599206e+03
1.525044291029474834e+03 1.541106190552517546e+03
1.607915554544498718e+03 1.539910546013462863e+03
1.690387761601981538e+03 1.538688646695561829e+03
1.772438153288880130e+03 1.537423632315769964e+03
1.854034038385040503e+03 1.536100758193368165e+03
1.935139149273117027e+03 1.534710497347351520e+03
4.105028935938737504e+02 1.468460340670768346e+03
4.982576293517450949e+02 1.467823495697955423e+03
5.857392459601381915e+02 1.467118746101913757e+03
6.729402276723286604e+02 1.466331856931498578e+03
7.598175036786643659e+02 1.465465524331408915e+03
8.463183471804312603e+02 1.464532996906241124e+03
9.323966693809809385e+02 1.463552927559056116e+03
1.018021724038810135e+03 1.462545330412939620e+03
1.103180998230821388e+03 1.461528529081282386e+03
1.187878852098026073e+03 1.460516993170885826e+03
1.272132281753970346e+03 1.459519969564761595e+03
1.355965012655720329e+03 1.458540823815683325e+03
1.439400983236604588e+03 1.457577014958415930e+03
1.522458148366687283e+03 1.456620634284004609e+03
1.605143417328409669e+03 1.455659445174562961e+03
1.687449439740318212e+03 1.454678367028030834e+03
1.769353863666186726e+03 1.453661351661662593e+03
1.850821611596007642e+03 1.452593605418825291e+03
1.931810650802596228e+03 1.451464114560793860e+03
4.104164399133771894e+02 1.381697592590017848e+03
4.979986188847407220e+02 1.381238969422770424e+03
5.853288242394371537e+02 1.380712351563156290e+03
6.723823726567651420e+02 1.380110892816364867e+03
7.591051387720199273e+02 1.379440129854353927e+03
8.454381631017303107e+02 1.378713136550466970e+03
9.313328732945929005e+02 1.377946613075102732e+03
1.016758894268616473e+03 1.377157816059399238e+03
1.101706187822635002e+03 1.376362244555410598e+03
1.186183053856314245e+03 1.375572004212575393e+03
1.270211340628356083e+03 1.374794779108164676e+03
1.353820048016209967e+03 1.374033347066596662e+03
1.437038363235094948e+03 1.373285580127952471e+03
1.519889040866021787e+03 1.372544877125144239e+03
1.602382926462919158e+03 1.371800980144231517e+03
1.684515323766416486e+03 1.371041131012474125e+03
1.766264818116360175e+03 1.370251527920324861e+03
1.847595091643932165e+03 1.369419045870480431e+03
1.928460197988670188e+03 1.368533187890763884e+03
4.103894933370871740e+02 1.295281211420434374e+03
4.977994937021878741e+02 1.295002382117426123e+03
5.849703258928741434e+02 1.294663630301742160e+03
6.718652054619224145e+02 1.294262277359232939e+03
7.584223884582964956e+02 1.293804076577489923e+03
8.445787831603163340e+02 1.293299821787379415e+03
9.302843632697415615e+02 1.292762607145233687e+03
1.015509321394725021e+03 1.292205674728953227e+03
1.100245671362901930e+03 1.291640791949067534e+03
1.184504803567637282e+03 1.291077105667639444e+03
1.268312316456600229e+03 1.290520424405425729e+03
1.351701286968891964e+03 1.289972884130601869e+03
1.434705000989778000e+03 1.289432956888307217e+03
1.517350039703820585e+03 1.288895764975352904e+03
1.599650507260723771e+03 1.288353666512906329e+03
1.681604087769411763e+03 1.287797081144693266e+03
1.763190533808067357e+03 1.287215527210595383e+03
1.844373113028310854e+03 1.286598844135418631e+03
1.925103845977004767e+03 1.285938403446654092e+03
4.104209460680554002e+02 1.209223062302031394e+03
4.976511653322558004e+02 1.209128292585661939e+03
5.846495993773014561e+02 1.208986822230707958e+03
6.713718730467128353e+02 1.208797929415476119e+03
7.577515929259812992e+02 1.208565802175577119e+03
8.437232425920060450e+02 1.208297537551019559e+03
9.292360388161323499e+02 1.208001518905911780e+03
1.014260653987212891e+03 1.207686137257654764e+03
1.098790484100279173e+03 1.207358824817454433e+03
1.182838941144592582e+03 1.207025371153772312e+03
1.266434070979825947e+03 1.206689494452755071e+03
1.349611640412743554e+03 1.206352642272463527e+03
1.432407698003581572e+03 1.206013997978458065e+03
1.514851490168880218e+03 1.205670670714494008e+03
1.596959505618511912e+03 1.205318048311113898e+03
1.678731325450484974e+03 1.204950293973917951e+03
1.760147871863016690e+03 1.204560968929381033e+03
1.841172574104789646e+03 1.204143764446025216e+03
1.921756288973228493e+03 1.203693130598788684e+03
4.105072499699469972e+02 1.123534656905530710e+03
4.975453129929445595e+02 1.123627180372055136e+03
5.843554371352762473e+02 1.123688978568735138e+03
6.708897700624230538e+02 1.123720009384219793e+03
7.570799170774223512e+02 1.123721890569458310e+03
8.428593857590295784e+02 1.123697239398100464e+03
9.281771239049456881e+02 1.123649126845165028e+03
1.013004025487363265e+03 1.123580640201995948e+03
1.097334057470718108e+03 1.123494547568193866e+03
1.181181463382651827e+03 1.123393057296972074e+03
1.264575324885495320e+03 1.123277665204341247e+03
1.347552607921869139e+03 1.123149082171576310e+03
1.430150683176085749e+03 1.123007234663022700e+03
1.512400189672997840e+03 1.122851330637309957e+03
1.594319003578215870e+03 1.122679983340679428e+03
1.675907980083690973e+03 1.122491385528695901e+03
1.757149053225904254e+03 1.122283526760476207e+03
1.838006558405405485e+03 1.122054237281801534e+03
1.918430149801192329e+03 1.121802292282284270e+03
4.106455328955314599e+02 1.038226120637042413e+03
4.974769802451747864e+02 1.038506062435413924e+03
5.840817318879716140e+02 1.038771995890087965e+03
6.704123216746498883e+02 1.039024153449985988e+03
7.564008153953849387e+02 1.039261302754298640e+03
8.419810581487849959e+02 1.039481389673887634e+03
9.271021216078587486e+02 1.039682040285426410e+03
1.011734798175748665e+03 1.039860942806467847e+03
1.095872770944240528e+03 1.040016127311006130e+03
1.179529894703424816e+03 1.040146158206117889e+03
1.262734851474484458e+03 1.040250251944454249e+03
1.345524291854691228e+03 1.040328330241775575e+03
1.427935438791410434e+03 1.040381017133619025e+03
1.509999011350597584e+03 1.040409586513670547e+03
1.591733220901792265e+03 1.040415865324210017e+03
1.673139499353444080e+03 1.040402096294331386e+03
1.754200537234103649e+03 1.040370763024730422e+03
1.834881503447971227e+03 1.040324142474152268e+03
1.915132736524596339e+03 1.040264990443569104e+03
4.108350433096074994e+02 9.533067600820182861e+02
4.974457062285364373e+02 9.537705539864767843e+02
5.838283619402616296e+02 9.542359597583908908e+02
6.699396792010265926e+02 9.547039029042625771e+02
7.557145839417751176e+02 9.551707069824065002e+02
8.410885513865277971e+02 9.556300148985707210e+02
9.260111801711002499e+02 9.560743204587763557e+02
1.010452870437844581e+03 9.564961574502401618e+02
1.094406213309459417e+03 9.568889876835079349e+02
1.177883508529828987e+03 9.572478242063492644e+02
1.260911657929339526e+03 9.575696212357015611e+02
1.343525532479657159e+03 9.578534581960998366e+02
1.425760778008849684e+03 9.581005415545281494e+02
1.507646907300978910e+03 9.583140448595687531e+02
1.589201422626179919e+03 9.584988044881611131e+02
1.670425621216193804e+03 9.586608860408704231e+02
1.751302994567082806e+03 9.588067834661620736e+02
1.831798729095711224e+03 9.589437489343091556e+02
1.911865628375452843e+03 9.590775834036708147e+02
4.110770769315789721e+02 8.687861005543295505e+02
4.974553238831925910e+02 8.694272754430600116e+02
5.836009177620881019e+02 8.700827294683338096e+02
6.694784217597359657e+02 8.707552872752836493e+02
7.550280745810791814e+02 8.714398920054034079e+02
8.401883591228479418e+02 8.721267909568739469e+02
9.249099119357501877e+02 8.728040886568661563e+02
1.009162572988642069e+03 8.734597400879820270e+02
1.092937163931396753e+03 8.740830484380157941e+02
1.176243395256131862e+03 8.746657242197603637e+02
1.259105136062269594e+03 8.752025558592906691e+02
1.341554132339229227e+03 8.756917358071657418e+02
1.423623128792910165e+03 8.761348808236773493e+02
1.505339233444425417e+03 8.765367802684824028e+02
1.586718261875980488e+03 8.769049019337325035e+02
1.667761022799822285e+03 8.772484154457811201e+02
1.748450259369943524e+03 8.775783334916707190e+02
1.828753279940922766e+03 8.779048846479709027e+02
1.908624781420160616e+03 8.782372919488125262e+02
4.113735243778120321e+02 7.846743978424410670e+02
4.975125450104115998e+02 7.854856379230028551e+02
5.834093716385809785e+02 7.863188223906024632e+02
6.690403486262352999e+02 7.871806437170898789e+02
7.543536399007933824e+02 7.880663677880270370e+02
8.392922968250504709e+02 7.889642805855364713e+02
9.238087033908252579e+02 7.898592642611505426e+02
1.007872178225461084e+03 7.907356001299381205e+02
1.091471304589953206e+03 7.915790852952056866e+02
1.174612374349276251e+03 7.923785398674932594e+02
1.257315167439294328e+03 7.931267729773317114e+02
1.339607142484175711e+03 7.938210679114300774e+02
1.421516984974482284e+03 7.944632396471465654e+02
1.503068345020190918e+03 7.950593117475584677e+02
1.584274789527752091e+03 7.956185714991765963e+02
1.665134882756081424e+03 7.961537180110751706e+02
1.745632189257667051e+03 7.966779780207428985e+02
1.825735161494137628e+03 7.972047103017308700e+02
1.905401411034978082e+03 7.977454391358461407e+02
4.117241654202913423e+02 7.009817467673990450e+02
4.976244406352767555e+02 7.019581548840266123e+02
5.832657826638703682e+02 7.029567685084477944e+02
6.686404392545990731e+02 7.039908643307813918e+02
7.537073712496427333e+02 7.050583646677509932e+02
8.384160340598757557e+02 7.061475517544151899e+02
9.227215517408181995e+02 7.072416772870535624e+02
1.006593045443362371e+03 7.083225889381922116e+02
1.090016672480617672e+03 7.093734823730427479e+02
1.172994749445433627e+03 7.103808753981209065e+02
1.255542170407133881e+03 7.113358901548721178e+02
1.337681187096706935e+03 7.122349196304724046e+02
1.419435490235847055e+03 7.130797461000289559e+02
1.500824693138097928e+03 7.138768701587183614e+02
1.581858327191511080e+03 7.146378943096631247e+02
1.662533945275469478e+03 7.153765687307977714e+02
1.742834719212026812e+03 7.161084099331023936e+02
1.822730825562140808e+03 7.168485618256904672e+02
1.902183556317135299e+03 7.176096642744141718e+02
4.121228233902321563e+02 6.177150137545426105e+02
4.977949148214065644e+02 6.188585291499463210e+02
5.831811207208513679e+02 6.200142046238247531e+02
6.682940508829602777e+02 6.212053594430090016e+02
7.531066867950754613e+02 6.224355359407495598e+02
8.375770837818274686e+02 6.236954973780145792e+02
9.216644606770208838e+02 6.249688899216030222e+02
1.005338423276371714e+03 6.262367141272707158e+02
1.088582864854617355e+03 6.274807358272606734e+02
1.171395906418654249e+03 6.286859523345032130e+02
1.253787078834618796e+03 6.298422172608884466e+02
1.335772806437669715e+03 6.309451158854504911e+02
1.417371383458212449e+03 6.319958504576509313e+02
1.498596748139507099e+03 6.330021260875691951e+02
1.579455489543636986e+03 6.339753442934581926e+02
1.659942870425584260e+03 6.349304557164518883e+02
1.740041989273759100e+03 6.358838362883825539e+02
1.819725170924804843e+03 6.368510925884024800e+02
1.898958242041503127e+03 6.378445277195467042e+02
4.125524823450506346e+02 5.348719128738928248e+02
4.980202607680454321e+02 5.361968541928623608e+02
5.831612852767279946e+02 5.375100649143051896e+02
6.680134172604721243e+02 5.388491098275699187e+02
7.525673214797692481e+02 5.402267517468520737e+02
8.367922894159519274e+02 5.416392577813601292e+02
9.206534255544625012e+02 5.430731407705193305e+02
1.004121929425018379e+03 5.445105044884958261e+02
1.087180005609423006e+03 5.459331435029746444e+02
1.169821755324703190e+03 5.473255325562007556e+02
1.252051244359343173e+03 5.486768258761852621e+02
1.333879043753565838e+03 5.499816275396179890e+02
1.415316746438552855e+03 5.512416903996478368e+02
1.496373766189466096e+03 5.524635112484735373e+02
1.577052581492364425e+03 5.536586735893812374e+02
1.657346405027394212e+03 5.548419573314530453e+02
1.737238521069774833e+03 5.560292811408102125e+02
1.816703992349318924e+03 5.572351979779798512e+02
1.895714163143238693e+03 5.584699906502886506e+02
4.129794597932074112e+02 4.524316261724972037e+02
4.982838796192866084e+02 4.539713475818015240e+02
5.832023877715504341e+02 4.554573014130413640e+02
6.678035062598197555e+02 4.569462557646180585e+02
7.520997661999499542e+02 4.584644452099212231e+02
8.360748471262046451e+02 4.600172187515825044e+02
9.197020358857885185e+02 4.615968954017951091e+02
1.002955726500066248e+03 4.631890188242025488e+02
1.085817483926855175e+03 4.647771825839107578e+02
1.168278219151928624e+03 4.663462197858796117e+02
1.250336484100458847e+03 4.678860394623682168e+02
1.331996820951982954e+03 4.693909019081366978e+02
1.413265327703746834e+03 4.708613087809418403e+02
1.494146016034424065e+03 4.723033347189750657e+02
1.574637597928631067e+03 4.737275845809235761e+02
1.654731508146879833e+03 4.751475057528554089e+02
1.734411716802955198e+03 4.765771242062486408e+02
1.813656818569294046e+03 4.780282653475903771e+02
1.892444825063875214e+03 4.795073138966426995e+02
