4.419869990741893844e+02 1.986140284989762222e+03
5.520356095112713319e+02 1.983630458035884203e+03
6.613495371332743389e+02 1.981200860591811306e+03
7.700037806560158060e+02 1.978774331446419637e+03
8.780199166383526972e+02 1.976310842867751489e+03
9.853926899528598824e+02 1.973793917104020466e+03
1.092106179016217993e+03 1.971220388057477066e+03
1.198142375829116645e+03 1.968593085071566520e+03
1.303484612878479766e+03 1.965916058131426780e+03
1.408117907126214504e+03 1.963192002276585754e+03
1.512027970934532732e+03 1.960421573987964621e+03
1.615200356583335861e+03 1.957604324039433322e+03
1.717620951148255472e+03 1.954741000074674503e+03
1.819278818425949112e+03 1.951836998239190052e+03
1.920172191151736570e+03 1.948906766801293998e+03
2.020318247098902248e+03 1.945978986052848995e+03
2.119767154207391286e+03 1.943102368091192147e+03
2.218620740349433618e+03 1.940351937532982220e+03
2.317056030623765764e+03 1.937835669968593265e+03
4.417278883663723263e+02 1.876020219906117745e+03
5.513405802049076101e+02 1.873983139987365576e+03
6.603035230392129051e+02 1.871953911524705518e+03
7.686527843724863942e+02 1.869886195161081332e+03
8.763850292465763232e+02 1.867761644931923001e+03
9.834807181251171642e+02 1.865578557261225797e+03
1.089917394651503855e+03 1.863343369740784965e+03
1.195675812484758808e+03 1.861064649504333374e+03
1.300741255020793005e+03 1.858749246943771368e+03
1.405102051099515165e+03 1.856400323188385755e+03
1.508746979224940787e+03 1.854016989453571568e+03
1.611662978254358222e+03 1.851595323315950736e+03
1.713834340200532097e+03 1.849130551420618076e+03
1.815244347350670068e+03 1.846620210289248234e+03
1.915880128276755613e+03 1.844068116974201530e+03
2.015741342731907935e+03 1.841488999477313428e+03
2.114853161408304004e+03 1.838913653292045865e+03
2.213283880835255786e+03 1.836394505290161533e+03
2.311167404310681377e+03 1.834011479602392228e+03
4.413966835927925558e+02 1.766608557872032179e+03
5.506433210701467260e+02 1.764951927895872359e+03
6.592947133607694923e+02 1.763262328230728144e+03
7.673572615087414306e+02 1.761515114810934392e+03
8.748095821510145242e+02 1.759706416062679182e+03
9.816228388676690884e+02 1.757843781821135508e+03
1.087771615359897169e+03 1.755939218904993595e+03
1.193237995855990221e+03 1.754004312237422710e+03
1.298011134590797838e+03 1.752047160305130546e+03
1.402084255935502597e+03 1.750070880949512457e+03
1.505450725369042175e+03 1.748073468211372074e+03
1.608100564985010806e+03 1.746048803411746803e+03
1.710018551997742861e+03 1.743988644038745406e+03
1.811184831471460257e+03 1.741885432501886044e+03
1.911578792284633892e+03 1.739735783575706591e+03
2.011186795484648428e+03 1.737544524534982429e+03
2.110014204275897100e+03 1.735329175724705465e+03
2.208102042749662360e+03 1.733124771737812807e+03
2.305548504158758078e+03 1.730988934611140394e+03
4.410734465704940703e+02 1.657815138297674366e+03
5.499938001230242435e+02 1.656488871704223129e+03
6.583519068793716542e+02 1.655110544064893020e+03
7.661319435242062355e+02 1.653669901712592036e+03
8.732997510017113427e+02 1.652171821429427837e+03
9.798207872216075884e+02 1.650628761719495287e+03
1.085669014897138368e+03 1.649055166490049032e+03
1.190829312679567920e+03 1.647463575635275902e+03
1.295295625327565403e+03 1.645862221248758260e+03
1.399066738180358925e+03 1.644253910248650300e+03
1.502141268432282686e+03 1.642636014264033065e+03
1.604513206768162490e+03 1.641001405868869369e+03
1.706169114310108853e+03 1.639340196815784111e+03
1.807087878374328284e+03 1.637642148958252619e+03
1.907243753373402797e+03 1.635899642188453981e+03
2.006613257735527441e+03 1.634111096080767766e+03
2.105186361613214558e+03 1.632284753129876208e+03
2.202982281318993046e+03 1.630442741611115025e+03
2.300070092966653647e+03 1.628625345264362750e+03
4.408000455972266991e+02 1.549613019027440487e+03
5.494128201120275889e+02 1.548594511444975524e+03
6.574819580246290798e+02 1.547519341061652767e+03
7.649753664743224135e+02 1.546385917196322907e+03
8.718500966428738366e+02 1.545203408431547587e+03
9.780683709272570923e+02 1.543985830458533655e+03
1.083604884067075318e+03 1.542747677866027288e+03
1.188447895279160548e+03 1.541500906795926767e+03
1.292596266487510547e+03 1.540253094284546023e+03
1.396054280468086745e+03 1.539006617324308536e+03
1.498825788034318521e+03 1.537758710354760979e+03
1.600908981529367111e+03 1.536502274152327118e+03
1.702292869472755001e+03 1.535227322053797479e+03
1.802956331159415640e+03 1.533922961228736085e+03
1.902870457549846378e+03 1.532579817412197372e+03
2.002004733411389680e+03 1.531192821214885726e+03
2.100337483109914501e+03 1.529764282929577575e+03
2.197870886671134485e+03 1.528307190729849935e+03
2.294650771900428026e+03 1.526848674383270009e+03
4.405935518885445390e+02 1.442007503649256478e+03
5.489031360626014475e+02 1.441290356571455959e+03
6.566788324149938489e+02 1.440521239119867232e+03
7.638770479524930579e+02 1.439702869484662642e+03
8.704490165025918031e+02 1.438845345622696641e+03
9.763553217822436636e+02 1.437961732748729219e+03
1.081571982610733812e+03 1.437064809268309546e+03
1.186090551918295660e+03 1.436164827598134252e+03
1.289914329075335218e+03 1.435268160190270692e+03
1.393052472439253961e+03 1.434376713730121310e+03
1.495513521897677492e+03 1.433488006013753875e+03
1.597299595955586710e+03 1.432595810520246687e+03
1.698402311283042764e+03 1.431691283264109643e+03
1.798801281632709333e+03 1.430764495220416848e+03
1.898465884958753122e+03 1.429806301533757960e+03
1.997360839987752342e+03 1.428810485918863151e+03
2.095456004213247070e+03 1.427776125197776082e+03
2.192740692332040908e+03 1.426710124853130083e+03
2.289242715735223555e+03 1.425629881862155798e+03
4.404566108201336192e+02 1.335016831991505569e+03
5.484580428829808625e+02 1.334602488501191374e+03
6.559305967904670069e+02 1.334146532370891464e+03
7.628230350393318986e+02 1.333652841023777455e+03
8.690829788172256940e+02 1.333130030365009588e+03
9.746703195432806979e+02 1.332588431201015055e+03
1.079562433663488719e+03 1.332037858984390368e+03
1.183753592279088934e+03 1.331486080196505554e+03
1.287250614312347352e+03 1.330937887812133340e+03
1.390066507402722436e+03 1.330394706640327513e+03
1.492213570713894342e+03 1.329854656966155062e+03
1.593697194808435370e+03 1.329313011886976028e+03
1.694511382527147134e+03 1.328762990098554837e+03
1.794636828507801056e+03 1.328196831690298950e+03
1.894042230981272041e+03 1.327607109801435172e+03
1.992689365431173428e+03 1.326988235813596930e+03
2.090542323466418566e+03 1.326338120149495580e+03
2.187581209915842464e+03 1.325659954748452265e+03
2.283820494984523521e+03 1.324964086931097199e+03
4.403851207986336931e+02 1.228661546814655821e+03
5.480677056632725908e+02 1.228553394957225919e+03
6.552245593852195498e+02 1.228417169779542746e+03
7.617999860283529188e+02 1.228255825153037904e+03
8.677396522093324620e+02 1.228074919757162206e+03
9.730032534148031118e+02 1.227880895514617805e+03
1.077569180889517156e+03 1.227679802272017241e+03
1.181433525570410211e+03 1.227476416475707310e+03
1.284605421373262516e+03 1.227273706252483407e+03
1.387100433252872563e+03 1.227072599590835580e+03
1.488933432111099364e+03 1.226872016258876329e+03
1.590112165417432379e+03 1.226669127716856792e+03
1.690632526245798772e+03 1.226459812609777373e+03
1.790476341519480684e+03 1.226239278481948986e+03
1.889612340058881273e+03 1.226002823161540391e+03
1.988000820253250367e+03 1.225746711838792862e+03
2.085602413759481806e+03 1.225469148224748096e+03
2.182391233705014201e+03 1.225171320344790502e+03
2.278372601761037458e+03 1.224858503508479089e+03
4.403735231401086594e+02 1.122959962909431624e+03
5.477234817484279574e+02 1.123159544903652204e+03
6.545507587651584345e+02 1.123346065007422567e+03
7.607979358655555870e+02 1.123520427460707197e+03
8.664100351849795061e+02 1.123684304993727437e+03
9.713467828036878018e+02 1.123839653995725257e+03
1.075587029359442568e+03 1.123988344740685761e+03
1.179127613797448475e+03 1.124131896637945601e+03
1.281978630291317813e+03 1.124271308910055723e+03
1.384156768649276273e+03 1.124406977544058691e+03
1.485678141427697938e+03 1.124538689812381790e+03
1.586551783210128633e+03 1.124665688112920407e+03
1.686774806078515894e+03 1.124786795331987150e+03
1.786330017487654231e+03 1.124900594386218700e+03
1.885186650093661228e+03 1.125005655048002382e+03
1.983304715357572377e+03 1.125100801601566900e+03
2.080643371937046140e+03 1.125185415311678526e+03
2.177173594181560020e+03 1.125259766112248144e+03
2.272895333829162155e+03 1.125325368336653810e+03
4.404179792863436660e+02 1.017927532658988980e+03
5.474204619835888934e+02 1.018432569214391037e+03
6.539039825099631571e+02 1.018939766093820367e+03
7.598118833259760549e+02 1.019447722524314599e+03
8.650896826502771546e+02 1.019954075089324874e+03
9.696972557397391483e+02 1.020456204005689870e+03
1.073613291901368484e+03 1.020951737205374116e+03
1.176834267107862161e+03 1.021438882380394830e+03
1.279369853825050086e+03 1.021916613586994799e+03
1.381236406676003298e+03 1.022384735812407257e+03
1.482449911343872827e+03 1.022843848051663372e+03
1.583019561452875678e+03 1.023295222892406059e+03
1.682942931156968598e+03 1.023740618334489113e+03
1.782203537171182006e+03 1.024182035552177695e+03
1.880771430611782307e+03 1.024621434516053796e+03
1.978607324106801570e+03 1.025060417806942951e+03
2.075670641245353181e+03 1.025499891554880605e+03
2.171931771791563733e+03 1.025939711203389606e+03
2.267388725611177051e+03 1.026378318715798969e+03
4.405176868599276077e+02 9.135782291018658725e+02
5.471584385847188514e+02 9.143822290251521281e+02
6.532844817581806183e+02 9.152027227685646267e+02
7.588423268975265046e+02 9.160365550182759762e+02
8.637791195466704721e+02 9.168778057493664164e+02
9.680550401771808993e+02 9.177196598546199766e+02
1.071648063067819294e+03 9.185557694794351846e+02
1.174553271935843441e+03 9.193811775597584983e+02
1.276778619092004647e+03 9.201928637130430388e+02
1.378338738241002602e+03 9.209899669935862221e+02
1.479248175335483438e+03 9.217737340327443007e+02
1.579515184008085271e+03 9.225472356852440043e+02
1.679137039229853372e+03 9.233148904432946438e+02
1.778097652412789557e+03 9.240818285122589941e+02
1.876368120867623929e+03 9.248531265208441710e+02
1.973910712243929083e+03 9.256329393239404908e+02
2.070686668419583384e+03 9.264235522094177213e+02
2.166668111557186876e+03 9.272243740062838242e+02
2.261854246163069547e+03 9.280308890783707056e+02
4.406745632852693006e+02 8.099263577354723793e+02
5.469414887538605399e+02 8.110196349463554952e+02
6.526975334700224494e+02 8.121416620177503773e+02
7.578948660981269541e+02 8.132888390744983553e+02
8.624835251487716050e+02 8.144527666531089380e+02
9.664243203115408960e+02 8.156232671736111115e+02
1.069694143057569590e+03 8.167906045477918724e+02
1.172285845956309913e+03 8.179470070681090874e+02
1.274204545990606221e+03 8.190875877871599187e+02
1.375461936460176503e+03 8.202107466898503390e+02
1.476069951521790244e+03 8.213181299929024135e+02
1.576034914008535679e+03 8.224142137990754691e+02
1.675353108158894884e+03 8.235055720121691820e+02
1.774008551779566687e+03 8.245998818149425915e+02
1.871973594907226470e+03 8.257047140618219601e+02
1.969212842180190819e+03 8.268261505829337921e+02
2.065690782034000222e+03 8.279672655811837103e+02
2.161383405827707520e+03 8.291265039796172687e+02
2.256294012587324687e+03 8.302959856959228091e+02
4.408915048302242212e+02 7.069874654455730933e+02
5.467763463195695977e+02 7.083594295511906012e+02
6.521519892126588047e+02 7.097688243475837453e+02
7.569789754652691727e+02 7.112136446585756175e+02
8.612117654360401957e+02 7.126846687784741334e+02
9.648124070755363846e+02 7.141696350553980892e+02
1.067756633944130044e+03 7.156563310903278534e+02
1.170034516693178148e+03 7.171347357997303789e+02
1.271647494929802860e+03 7.185983402508016979e+02
1.372603351294800405e+03 7.200447601655530434e+02
1.472910453897653269e+03 7.214757411927828343e+02
1.572572384042592603e+03 7.228966473628543099e+02
1.671583880780825666e+03 7.243155134743326471e+02
1.769928869816599899e+03 7.257417334258645951e+02
1.867581199483805904e+03 7.271844486198275490e+02
1.964508578907184528e+03 7.286506934508568065e+02
2.060680101269835177e+03 7.301433484826270615e+02
2.156077636702701966e+03 7.316589461459795984e+02
2.250711370924787389e+03 7.331853169223887789e+02
4.411694098074865451e+02 6.047772424131258049e+02
5.466697182288517070e+02 6.064198660605911755e+02
6.516579372586380714e+02 6.081030271868887667e+02
7.561060496790645402e+02 6.098290676238175365e+02
8.599748452193794037e+02 6.115901755913037050e+02
9.632286091214675707e+02 6.133737341036871840e+02
1.065842230420421629e+03 6.151663041728727421e+02
1.167802823049168865e+03 6.169564167507594448e+02
1.269107661238509991e+03 6.187363297802530724e+02
1.369759970865806963e+03 6.205028907587228559e+02
1.469763887281097368e+03 6.222576307270877578e+02
1.569119684861587530e+03 6.240062024584632354e+02
1.667820201524342565e+03 6.257572637181776827e+02
1.765849220309121847e+03 6.275208956960885871e+02
1.863182427793266015e+03 6.293066369742846291e+02
1.959791443583139426e+03 6.311212045976949412e+02
2.055651304690838060e+03 6.329659658777536606e+02
2.150751691668641342e+03 6.348342174025176519e+02
2.245112178605749250e+03 6.367082639572821563e+02
4.415031371809619714e+02 5.033075136988998111e+02
5.466246885435987224e+02 5.052199108854728138e+02
6.512235937355096667e+02 5.071677108965272964e+02
7.552868101639080578e+02 5.091610637954498770e+02
8.587838463547498122e+02 5.111963806227648774e+02
9.616827078592617681e+02 5.132628825689253063e+02
1.063958226997115162e+03 5.153475136011948052e+02
1.165594841085876851e+03 5.174384228957993628e+02
1.266585597898706055e+03 5.195272027774150274e+02
1.366928912237436407e+03 5.216100490915987393e+02
1.466624370668565689e+03 5.236879938781413557e+02
1.565668679877616569e+03 5.257663447316853080e+02
1.664052675234037906e+03 5.278534511980552679e+02
1.761760147734633392e+03 5.299589058378054460e+02
1.858769107429917312e+03 5.320912760787765592e+02
1.955055977850330464e+03 5.342554525717735032e+02
2.050603107132011246e+03 5.364496903602657767e+02
2.145409960975063768e+03 5.386623502529075722e+02
2.239507761393672808e+03 5.408687601981348507e+02
4.418765558232979629e+02 4.025785942125321526e+02
5.466363396046909884e+02 4.047726693371486135e+02
6.508515284036989215e+02 4.069852895067431291e+02
7.545281560156377054e+02 4.092385894262922648e+02
8.576474133876197357e+02 4.115366115956031763e+02
9.601830775002121072e+02 4.138730963243988299e+02
1.062111263212652148e+03 4.162373692204195095e+02
1.163414537123538139e+03 4.186185637373345116e+02
1.264082151996877428e+03 4.210083927914636206e+02
1.364107910122258545e+03 4.234026620005660106e+02
1.463486941164718246e+03 4.258016975908996073e+02
1.562212481923144878e+03 4.282098442994658853e+02
1.660273569505189471e+03 4.306341725177591115e+02
1.757654403513229909e+03 4.330825193428572675e+02
1.854335994895884369e+03 4.355609749933072408e+02
1.950300597317197116e+03 4.380709140919408355e+02
2.045539380031169003e+03 4.406055967020955677e+02
2.140063220920829735e+03 4.431467979179715257e+02
2.233917852437160036e+03 4.456605934637839255e+02
4.422568250478893788e+02 3.025674364441971420e+02
5.466867081290965871e+02 3.050745848042199668e+02
6.505343213041002173e+02 3.075672749267383779e+02
7.538295351780930105e+02 3.100845329230422749e+02
8.565688433240641189e+02 3.126420600309689917e+02
9.587344885569307280e+02 3.152413136807793990e+02
1.060305827945515375e+03 3.178764244023977881e+02
1.161264952687544110e+03 3.205392163261400356e+02
1.261598303572593977e+03 3.232225726598131814e+02
1.361295776979422953e+03 3.259223635126472800e+02
1.460348597325658602e+03 3.286381315893596593e+02
1.558747036990961988e+03 3.313727114179872615e+02
1.656478891584502207e+03 3.341309397381098734e+02
1.753529464854008438e+03 3.369175983086975066e+02
1.849883681565200732e+03 3.397347155552304230e+02
1.945530892862267592e+03 3.425782725470221521e+02
2.040472375200449278e+03 3.454348161146757548e+02
2.134732783095774721e+03 3.482770708954419661e+02
2.228374512537290229e+03 3.510599518567175892e+02
4.425880336811453617e+02 2.032111369381019585e+02
5.467391831136731071e+02 2.060899942079656739e+02
6.502497379443309455e+02 2.088997720830672051e+02
7.531789054047668515e+02 2.117020479197909708e+02
8.555428318966930874e+02 2.145288571589514959e+02
9.573356308693038272e+02 2.173931248745839184e+02
1.058542543381067389e+03 2.202966749632345227e+02
1.159147227037028415e+03 2.232361139147914173e+02
1.259134898409701009e+03 2.262068570731518093e+02
1.358492812422064162e+03 2.292055388401563505e+02
1.457209346701373079e+03 2.322310241906453712e+02
1.555272767054204678e+03 2.352842169569494217e+02
1.652670579644180862e+03 2.383668404278627122e+02
1.749390224060664195e+03 2.414793477237698198e+02
1.845421789896936389e+03 2.446180314621371963e+02
1.940762889394042531e+03 2.477718852498102251e+02
2.035426989238030956e+03 2.509182707108764134e+02
2.129454317932171762e+03 2.540188936728538920e+02
2.222926448501785671e+03 2.570151330510126400e+02
4.427843127449554004e+02 1.043854870582642889e+02
5.467324424534832588e+02 1.077307385620230207e+02
6.499555028244001278e+02 1.109240551548286930e+02
7.525483486494301815e+02 1.140560074222024696e+02
8.545519246668527558e+02 1.171803237598920759e+02
9.559763899625006616e+02 1.203257402337836766e+02
1.056816248590965643e+03 1.235051724775286175e+02
1.157059464000117032e+03 1.267225348669960567e+02
1.256692268809652205e+03 1.299775006338635421e+02
1.355701143776306026e+03 1.332684677897690335e+02
1.454073227655834671e+03 1.365939695033795260e+02
1.551796230663982897e+03 1.399527436973146450e+02
1.648858756083650405e+03 1.433426549170145563e+02
1.745251844312255116e+03 1.467585657523192140e+02
1.840972013714797413e+03 1.501897666011076353e+02
1.936027159604006101e+03 1.536159762437881682e+02
2.030444591834649145e+03 1.570035311433017569e+02
2.124282348583217754e+03 1.603007606794021740e+02
2.217643691560199386e+03 1.634330903873378702e+02
4.328277692792943299e+02 1.989125998965742383e+03
5.368130435300389536e+02 1.986728526278010122e+03
6.401330496974662765e+02 1.984416781244287449e+03
7.428636669293479144e+02 1.982118722945525178e+03
8.450334451265184725e+02 1.979794287320700505e+03
9.466448662524112478e+02 1.977424704102564192e+03
1.047688586370525627e+03 1.975004095529763163e+03
1.148151560850268652e+03 1.972533269863330133e+03
1.248020930581979655e+03 1.970015411171219057e+03
1.347285140719114679e+03 1.967453427771564293e+03
1.445933552651471246e+03 1.964848745898010066e+03
1.543955623588312847e+03 1.962201357005185628e+03
1.641340563632489648e+03 1.959510946871046599e+03
1.738078235152909656e+03 1.956778952462138932e+03
1.834161931447075403e+03 1.954011408580172429e+03
1.929593559179119893e+03 1.951222460762966875e+03
2.024391650132143241e+03 1.948438433916684062e+03
2.118602540858901193e+03 1.945702357844860671e+03
2.212314982450641764e+03 1.943078861337897251e+03
4.326300413428027696e+02 1.885091236849536244e+03
5.362124945397897591e+02 1.883128184895855611e+03
6.392079098700245368e+02 1.881183401007412158e+03
7.416591873426880284e+02 1.879210984023757646e+03
8.435723743614859131e+02 1.877189915840455797e+03
9.449362578979387308e+02 1.875114813346209530e+03
1.045734293194878774e+03 1.872988890195038266e+03
1.145950886608616884e+03 1.870818776356240505e+03
1.245573689311142971e+03 1.868610968328076751e+03
1.344593327452886797e+03 1.866369705758424516e+03
1.443001789863271824e+03 1.864096090911646115e+03
1.540790513589176953e+03 1.861788286140966193e+03
1.637949047961657925e+03 1.859442641441175056e+03
1.734465037110137928e+03 1.857055619425945679e+03
1.830326136811396736e+03 1.854626398843976403e+03
1.925524372378848057e+03 1.852160050153895781e+03
2.020063348269125527e+03 1.849671187844305905e+03
2.113968635687479946e+03 1.847188014227819167e+03
2.207301590351505183e+03 1.844756678462669242e+03
4.323551238525235476e+02 1.781702109634020871e+03
5.355998480054972788e+02 1.780089133389940343e+03
6.383102054235191645e+02 1.778453649565915384e+03
7.405029123345063908e+02 1.776768949389201907e+03
8.421672901534620905e+02 1.775027222864500118e+03
9.432826126991257070e+02 1.773231920255927662e+03
1.043828212103544956e+03 1.771391901182470974e+03
1.143788204584017649e+03 1.769517158008193974e+03
1.243152443940812191e+03 1.767615921414655986e+03
1.341915086195659796e+03 1.765692975274184391e+03
1.440071950145054416e+03 1.763749025365522584e+03
1.537617683005755907e+03 1.761780982242235268e+03
1.634543585277955799e+03 1.759783032821848565e+03
1.730836812186410725e+03 1.757748388142070780e+03
1.826481548545557416e+03 1.755671606351733544e+03
1.921462647798527996e+03 1.753551400481180735e+03
2.015772132655916721e+03 1.751393849973990882e+03
2.109418872732585896e+03 1.749215943455379147e+03
2.202441682530195067e+03 1.747049387851167694e+03
4.320768360179133651e+02 1.678869907492013226e+03
5.350236072432840047e+02 1.677558298390398704e+03
6.374696394394868548e+02 1.676202619197366630e+03
7.394116173294908094e+02 1.674789389236279021e+03
8.408265613944537336e+02 1.673319319778344607e+03
9.416873689959121521e+02 1.671801045213897396e+03
1.041971397351864880e+03 1.670246338867720169e+03
1.141663897502650798e+03 1.668666636914253104e+03
1.240757862184492296e+03 1.667070711273058350e+03
1.339251632327006746e+03 1.665463348178324850e+03
1.437145413749489990e+03 1.663844903453657480e+03
1.534437684870394378e+03 1.662211618509995105e+03
1.631122325440886925e+03 1.660556592836148866e+03
1.727187163276417095e+03 1.658871319375330813e+03
1.822614518714176711e+03 1.657147698776425386e+03
1.917384223290493082e+03 1.655380457167402255e+03
2.011479498312348596e+03 1.653569899904979138e+03
2.104895999158543418e+03 1.651724940787777541e+03
2.197654261006842717e+03 1.649866352552026228e+03
4.318366724581211429e+02 1.576560934442059988e+03
5.345066735730058554e+02 1.575526368628703267e+03
6.366963349855118395e+02 1.574439389997185799e+03
7.383872468205896666e+02 1.573295061928900395e+03
8.395475808765220336e+02 1.572098896844057663e+03
9.401461412703547467e+02 1.570861838033250933e+03
1.040159703771238355e+03 1.569596440629408335e+03
1.139575405025592318e+03 1.568314109907038528e+03
1.238389703304571867e+03 1.567023268952134458e+03
1.336605220050624439e+03 1.565728340334062977e+03
1.434226583499056687e+03 1.564429437835855651e+03
1.531256229403717953e+03 1.563122674659241966e+03
1.627690967050938525e+03 1.561801003906211918e+03
1.723519989176786794e+03 1.560455515633752384e+03
1.818724890191359464e+03 1.559077122460411374e+03
1.913282156532918179e+03 1.557658572644380229e+03
2.007168504471579809e+03 1.556196735819429932e+03
2.100369362864810228e+03 1.554695112228687776e+03
2.192890729989485408e+03 1.553166521393683979e+03
4.316539908227637170e+02 1.474771906311628527e+03
5.340554085519280534e+02 1.474005248333221516e+03
6.359881887507614238e+02 1.473186698523094492e+03
7.374228580287567638e+02 1.472316215722116112e+03
8.383214092959567552e+02 1.471401234308729954e+03
9.386501563950553191e+02 1.470452796896484415e+03
1.038386090375723143e+03 1.469482616244670908e+03
1.137518454520570003e+03 1.468500957437002171e+03
1.236047021887536403e+03 1.467515241869019746e+03
1.333978352253652474e+03 1.466529284125018421e+03
1.431321122148409813e+03 1.465543081497518415e+03
1.528081459629415122e+03 1.464553083778857854e+03
1.624259072294932366e+03 1.463552878102251043e+03
1.719844830682814973e+03 1.462534230090671599e+03
1.814820357809979441e+03 1.461488428443702560e+03
1.909160077482445104e+03 1.460407885408245420e+03
2.002836087644071995e+03 1.459287950388041281e+03
2.095826149078861818e+03 1.458128898294839928e+03
2.188125013025603948e+03 1.456938058172962201e+03
4.315344797618706707e+02 1.373513503805845403e+03
5.336666511851699397e+02 1.373013885143722746e+03
6.353366694505610894e+02 1.372468608749274608e+03
7.365073123580785932e+02 1.371879794301064976e+03
8.371364533526580090e+02 1.371254655603944002e+03
9.371889953479726501e+02 1.370602701903672596e+03
1.036642487523433147e+03 1.369933612332386474e+03
1.135488101700917014e+03 1.369255705710706252e+03
1.233728417402102650e+03 1.368574935229838275e+03
1.331373262930443616e+03 1.367894344193168308e+03
1.428434681114006708e+03 1.367213925063413171e+03
1.524921930237593415e+03 1.366530829586488380e+03
1.620837290966861474e+03 1.365839882791517539e+03
1.716173326717542068e+03 1.365134358239346284e+03
1.810912136138483447e+03 1.364406976047985154e+03
1.905027040526263136e+03 1.363651088998302839e+03
1.998487064603949875e+03 1.362862025450048804e+03
2.091264494860423383e+03 1.362038560907584724e+03
2.183345734380680369e+03 1.361184492894805999e+03
4.314765406141880248e+02 1.272800679282586771e+03
5.333330517038812104e+02 1.272570435464130924e+03
6.347312171157185503e+02 1.272304241629718035e+03
7.356288354851723170e+02 1.272004457163509187e+03
8.359812654453326104e+02 1.271676584243883099e+03
9.357526963251052621e+02 1.271327471544110495e+03
1.034921253608743427e+03 1.270963947239866911e+03
1.133479578623179577e+03 1.270591833175602687e+03
1.231432299887048202e+03 1.270215296319805475e+03
1.328791616592671744e+03 1.269836497562828981e+03
1.425572040177602958e+03 1.269455501507565486e+03
1.521785185496736403e+03 1.269070414198368098e+03
1.617435366574029558e+03 1.268677718751084512e+03
1.712516631344640700e+03 1.268272781608964124e+03
1.807011763432912403e+03 1.267850504676152013e+03
1.900893685261671180e+03 1.267406100891674441e+03
1.994129614225810201e+03 1.266935972920020049e+03
2.086688251006338305e+03 1.266438676566163622e+03
2.178550215202052186e+03 1.265915952288524295e+03
4.314758948878023830e+02 1.172647823107656677e+03
5.330468981931923054e+02 1.172689028469055984e+03
6.341623858670603795e+02 1.172705875861770664e+03
7.347775569087841632e+02 1.172699774850337462e+03
8.348465457527431681e+02 1.172673608138123200e+03
9.343332715899875893e+02 1.172630886059592058e+03
1.033216246615611453e+03 1.172575097359371966e+03
1.131488948677533017e+03 1.172509236331734655e+03
1.229157146899930922e+03 1.172435487808714242e+03
1.326234376377703938e+03 1.172355052816021043e+03
1.422736587439729192e+03 1.172268098967771493e+03
1.518676843946244844e+03 1.172173820848126979e+03
1.614060811523930170e+03 1.172070596734482933e+03
1.708883658654813644e+03 1.171956229056787834e+03
1.803128889408770647e+03 1.171828256964738330e+03
1.896769534799288977e+03 1.171684330292588356e+03
1.989772048858020298e+03 1.171522635073579750e+03
2.082103184317103569e+03 1.171342361565760939e+03
2.173740060141001777e+03 1.171144206511311950e+03
4.315286102122233842e+02 1.073067237190921333e+03
5.328025965613946937e+02 1.073379624640076827e+03
6.336238603580735571e+02 1.073679960214374660e+03
7.339471305459967425e+02 1.073968180341711786e+03
8.337264212496409073e+02 1.074244170288047599e+03
9.329256869887734638e+02 1.074507831234697505e+03
1.031523535129529137e+03 1.074759120093258161e+03
1.129513570007371754e+03 1.074998069077486434e+03
1.226901731063197985e+03 1.075224790746982762e+03
1.323701799053578043e+03 1.075439473105043135e+03
1.419930077453725062e+03 1.075642368355613371e+03
1.515600108319149967e+03 1.075833778086437405e+03
1.610718151070931071e+03 1.076014036932963563e+03
1.705280037074849361e+03 1.076183496177301095e+03
1.799269910828817274e+03 1.076342508236512231e+03
1.892661278551717260e+03 1.076491412583756073e+03
1.985420705625798973e+03 1.076630523314176799e+03
2.077514434467598221e+03 1.076760118305671540e+03
2.168918132898800650e+03 1.076880429724327769e+03
4.316327197431422746e+02 9.740695780731514333e+02
5.325979498908327514e+02 9.746496729815690969e+02
6.331134646738793208e+02 9.752297799747522049e+02
7.331355294472044761e+02 9.758084544256639674e+02
8.326190704098064543e+02 9.763826959850247249e+02
9.315283498315263842e+02 9.769489022960498232e+02
1.029841772607131816e+03 9.775035801466101475e+02
1.127552370297574498e+03 9.780438468660127000e+02
1.224665301230784962e+03 9.785677508837405867e+02
1.321193520879573953e+03 9.790744368909728337e+02
1.417152613204429144e+03 9.795641779456290124e+02
1.512555628757485238e+03 9.800382941038539002e+02
1.607408647107314209e+03 9.804989747137465201e+02
1.701707667766199847e+03 9.809490193416644388e+02
1.795437333658328043e+03 9.813915103907272623e+02
1.888571902793402842e+03 9.818294287904232078e+02
1.981078805885674683e+03 9.822652226626819356e+02
2.072925058997332599e+03 9.827003375822976068e+02
2.164086739824143024e+03 9.831347159288608282e+02
4.317885938544922055e+02 8.756651223164799376e+02
5.324343700024389818e+02 8.765064557091843653e+02
6.326332720322391197e+02 8.773586993404642271e+02
7.323450998669076171e+02 8.782196970952784341e+02
8.315267569746974914e+02 8.790841361781460819e+02
9.301431477927786773e+02 8.799453727562093945e+02
1.028172257856821943e+03 8.807968068683235288e+02
1.125605937112501806e+03 8.816328641458924267e+02
1.222447703521076846e+03 8.824496355395380078e+02
1.318708703387624155e+03 8.832452205356590866e+02
1.414402804495075088e+03 8.840198142225783613e+02
1.509541655991859443e+03 8.847755739756755702e+02
1.604130423124793424e+03 8.855162974269085225e+02
1.698164793582611082e+03 8.862469397222446332e+02
1.791629753836994496e+03 8.869729948099875401e+02
1.884500547008882222e+03 8.876997626060029916e+02
1.976746147161193676e+03 8.884315213136583225e+02
2.068335517368024739e+03 8.891706219046483284e+02
2.159246859397019762e+03 8.899165197622047572e+02
4.319982082394203644e+02 7.778648755342627510e+02
5.323161420082466293e+02 7.789591727193139832e+02
6.321889140749181024e+02 7.800730603642525693e+02
7.315819527273282574e+02 7.812048913879054908e+02
8.304553311919091811e+02 7.823480569053240288e+02
9.287750786147084909e+02 7.834936794057011866e+02
1.026518703807098291e+03 7.846326531271070053e+02
1.123676428978280683e+03 7.857571129621926502e+02
1.220249431271094181e+03 7.868614045303243074e+02
1.316246212666950441e+03 7.879426202101622039e+02
1.411678061450699033e+03 7.890007588689317117e+02
1.506554428854978141e+03 7.900385606825406057e+02
1.600878920855665910e+03 7.910610627512367046e+02
1.694646495660969094e+03 7.920749161204055326e+02
1.787842360684372352e+03 7.930875002613928473e+02
1.880442977323298010e+03 7.941058670030187159e+02
1.972419506425494092e+03 7.951355422845844032e+02
2.063743960784609953e+03 7.961792108830534289e+02
2.154398272351959349e+03 7.972353064113245864e+02
4.322634391519138717e+02 6.806806955221269391e+02
5.322488516333545476e+02 6.820199628038528772e+02
6.317881798019894859e+02 6.833839595444844690e+02
7.308547639046303175e+02 6.847733026750950103e+02
8.294132523307018801e+02 6.861815376489540768e+02
9.274315077008411663e+02 6.875987042419856152e+02
1.024886735745326177e+03 6.890140526420012748e+02
1.121767313219535026e+03 6.904180140903547453e+02
1.218071595407321638e+03 6.918035194001131458e+02
1.313804809722013943e+03 6.931667487965212331e+02
1.408974987309602284e+03 6.945073876183021184e+02
1.503588747371671616e+03 6.958284543988130508e+02
1.597647627324505720e+03 6.971357606369015230e+02
1.691145544234210547e+03 6.984370550969313172e+02
1.784067877711878054e+03 6.997408996795445546e+02
1.876392580258982889e+03 7.010553187179477845e+02
1.968093646696074074e+03 7.023862589220984773e+02
2.059147208684767065e+03 7.037358930626110123e+02
2.149540462474165906e+03 7.051007968090602844e+02
4.325835043503519728e+02 5.841237317415575490e+02
5.322370750794807464e+02 5.857031864248001511e+02
6.314389862274858842e+02 5.873072473341692330e+02
7.301730487128015739e+02 5.889410771739310348e+02
8.284101820403454894e+02 5.906002590571263227e+02
9.261210881624376725e+02 5.922752487423678076e+02
1.023283139310195679e+03 5.939547845502573864e+02
1.119882937205324879e+03 5.956283813769834978e+02
1.215915808841882608e+03 5.972880221408165653e+02
1.311383332986574715e+03 5.989291481694853019e+02
1.406289839523010869e+03 6.005510393573548527e+02
1.500638688794085738e+03 6.021566652929282100e+02
1.594429018391215322e+03 6.037520798888356239e+02
1.687653538779610017e+03 6.053454242539796724e+02
1.780297865267984662e+03 6.069455955530991105e+02
1.872341790803054437e+03 6.085606333304224336e+02
1.963762830697318350e+03 6.101958691646549369e+02
2.054542305605887123e+03 6.118518805104156399e+02
2.144674171886867953e+03 6.135222851094090402e+02
4.329516572558590042e+02 4.882005997760005584e+02
5.322814220999745203e+02 4.900224077631096407e+02
6.311467955652184401e+02 4.918612055145273416e+02
7.295449704193940761e+02 4.937295101229792635e+02
8.274551942096339872e+02 4.956272643551037618e+02
9.248523755184226047e+02 4.975471971810939067e+02
1.021714877625904592e+03 4.994789528836105319e+02
1.118027940156654040e+03 5.014121366182871498e+02
1.213783980326028768e+03 5.033384091652545749e+02
1.308980857164138570e+03 5.052527499151816528e+02
1.403619032478390636e+03 5.071539947540580897e+02
1.497698429402278180e+03 5.090447443370826477e+02
1.591215671426861491e+03 5.109307281700818066e+02
1.684162280242062479e+03 5.128197008511993999e+02
1.776524318095528770e+03 5.147199386773102106e+02
1.868283878412717968e+03 5.166383975064555898e+02
1.959422755944125583e+03 5.185785862133957380e+02
2.049928563661504541e+03 5.205382042096115356e+02
2.139803507068312683e+03 5.225065862565447787e+02
4.333512318206251166e+02 3.929068120537134519e+02
5.323750146888742165e+02 3.949846133786635392e+02
6.309115471347240600e+02 3.970614541668423954e+02
7.289747375634883610e+02 3.991605482221408465e+02
8.265546433916398428e+02 4.012889704863198403e+02
9.236321670468834100e+02 4.034439551415490541e+02
1.020187896083278019e+03 4.056177759771849196e+02
1.116206513039787069e+03 4.078013777183028878e+02
1.211678014759839925e+03 4.099869099145723794e+02
1.306596815272497452e+03 4.121692994989738281e+02
1.400959658960065099e+03 4.143469841128818416e+02
1.494763139733906883e+03 4.165219156330440455e+02
1.588001505610855475e+03 4.186989319118819139e+02
1.680665324884823576e+03 4.208845844484507097e+02
1.772741498623958705e+03 4.230855004443741336e+02
1.864215023228259270e+03 4.253063493752372324e+02
1.955072835113647216e+03 4.275474767383101380e+02
2.045310006216676584e+03 4.298022609432343870e+02
2.134938503013739592e+03 4.320542433207016302e+02
4.337511265287325841e+02 2.982170766648820290e+02
5.324994762866160727e+02 3.005812926686365927e+02
6.307241661581978178e+02 3.029127253383965126e+02
7.284596402242005979e+02 3.052491739915943754e+02
8.257097305563042937e+02 3.076080859420494562e+02
9.224635937353693862e+02 3.099938283178325946e+02
1.018705732409206917e+03 3.124033579510927439e+02
1.114421514334647100e+03 3.148304782968426707e+02
1.209599418297961620e+03 3.172688533514913161e+02
1.304231073138678084e+03 3.197139313294502472e+02
1.398310010813101371e+03 3.221639152708847860e+02
1.491829925202730010e+03 3.246199036596365204e+02
1.584783113541404873e+03 3.270853114012860487e+02
1.677159675397761248e+03 3.295646700301028886e+02
1.768947953740965659e+03 3.320618956716915591e+02
1.860136622501870079e+03 3.345781039845857094e+02
1.950718754101798140e+03 3.371090429456103266e+02
2.040698137650161698e+03 3.396422068439734403e+02
2.130098063003997595e+03 3.421536881277173734e+02
4.341008077441427986e+02 2.040721558867235217e+02
5.326204996085004950e+02 2.067760827409185822e+02
6.305627061517204766e+02 2.093972157452662941e+02
7.279867711742830352e+02 2.119923929323878156e+02
8.249138019049000832e+02 2.145931635992908468e+02
9.213439908715099591e+02 2.172140763358682989e+02
1.017267948826133761e+03 2.198591824496716072e+02
1.112673449642330525e+03 2.225269634957340941e+02
1.207548807733470085e+03 2.252138708200897099e+02
1.301883947657744102e+03 2.279166461545509037e+02
1.395670082229759373e+03 2.306335751997294210e+02
1.488898787870080241e+03 2.333648106561233817e+02
1.581561152474869232e+03 2.361118871727080659e+02
1.673647570307269916e+03 2.388765380520659392e+02
1.765148668966289279e+03 2.416589121629921237e+02
1.856057774169370987e+03 2.444552792565273194e+02
1.946375247799299814e+03 2.472553026583303790e+02
2.036114972429019417e+03 2.500389500253489814e+02
2.125313200462178429e+03 2.527731054211161563e+02
4.246324604101198474e+02 1.991799010634166507e+03
5.231889566469041029e+02 1.989503114543074162e+03
6.211379741868872770e+02 1.987296562695369403e+03
7.185551147002947801e+02 1.985112288187365039e+03
8.154732161374056432e+02 1.982910980257639494e+03
9.119005990373354962e+02 1.980672394069921666e+03
1.007833227849949367e+03 1.978388489266254055e+03
1.103262191046157113e+03 1.976058188922492491e+03
1.198177722077510680e+03 1.973683571377226144e+03
1.292570822291132117e+03 1.971267326269010027e+03
1.386433404489816439e+03 1.968811323173746814e+03
1.479757749939533142e+03 1.966316156639538349e+03
1.572535960449901268e+03 1.963781545313769129e+03
1.664760299732990461e+03 1.961207456684476256e+03
1.756423096915618771e+03 1.958595969175502660e+03
1.847521097777953401e+03 1.955953512145336390e+03
1.938058786029526345e+03 1.953293760106505488e+03
2.028055254673267427e+03 1.950640847451082664e+03
2.117553188991308161e+03 1.948032943275216439e+03
4.244865198023140920e+02 1.893210573968648077e+03
5.226690169604805760e+02 1.891315926974630656e+03
6.203165028312274671e+02 1.889447858111654568e+03
7.174757158180278793e+02 1.887561842276528296e+03
8.141595731986335522e+02 1.885635235348717288e+03
9.103635343166960183e+02 1.883659853073190106e+03
1.006076140413185612e+03 1.881636134991212430e+03
1.101285092976942906e+03 1.879568713059909214e+03
1.195980056062012864e+03 1.877463222563390445e+03
1.290153211739657081e+03 1.875324209184875144e+03
1.383798459571296235e+03 1.873154000824301193e+03
1.476910028755038411e+03 1.870952426042267007e+03
1.569481163649136306e+03 1.868717273011382758e+03
1.661503758564988402e+03 1.866445353791193611e+03
1.752967600523162218e+03 1.864134324562564643e+03
1.843864088868342606e+03 1.861784601896904633e+03
1.934188946992721412e+03 1.859402074256931428e+03
2.023948493396666663e+03 1.857000977429082468e+03
2.113168026711296534e+03 1.854607103532233850e+03
4.242598711118542951e+02 1.795214420896951651e+03
5.221291408700146803e+02 1.793643681965820406e+03
6.195135821729993495e+02 1.792059799860498060e+03
7.164370273206632191e+02 1.790435030423366015e+03
8.128970773909188665e+02 1.788758691509050777e+03
9.088798394958882909e+02 1.787030894238770088e+03
1.004369073915781883e+03 1.785257630558970050e+03
1.099351074262857082e+03 1.783447063134360860e+03
1.193816432343477800e+03 1.781606878853292983e+03
1.287759687479285503e+03 1.779742581039789684e+03
1.381177725628704366e+03 1.777856607972247275e+03
1.474067674824578717e+03 1.775948176615403327e+03
1.566425213903009080e+03 1.774013703191429840e+03
1.658242227122235363e+03 1.772048060068306313e+03
1.749508226725090253e+03 1.770045751737558476e+03
1.840210775787941202e+03 1.768003057655086195e+03
1.930339036225982454e+03 1.765920255674364853e+03
2.019889231203550935e+03 1.763804200591343943e+03
2.108872491531459218e+03 1.761671155904798297e+03
4.240207338128585661e+02 1.697724424900639406e+03
5.216155498141952194e+02 1.696430970880243422e+03
6.187590613370475694e+02 1.695101442402454722e+03
7.154571417079997673e+02 1.693720132863192703e+03
8.116957876276799198e+02 1.692284468877331165e+03
9.074544703078122438e+02 1.690799792856567137e+03
1.002714103216690546e+03 1.689275286608778060e+03
1.097460913829122774e+03 1.687720906900656246e+03
1.191687339925031210e+03 1.686145216609500949e+03
1.285390923162588706e+03 1.684554006591728921e+03
1.378572041837802544e+03 1.682949613814083705e+03
1.471231209094416045e+03 1.681330850720259832e+03
1.563366838133589908e+03 1.679693390999989333e+03
1.654972380074582134e+03 1.678031008044220926e+03
1.746037273059884683e+03 1.676336453000051279e+03
1.836546885540196627e+03 1.674603437064177797e+03
1.926485597743185281e+03 1.672828538290059896e+03
2.015841791628981582e+03 1.671013435809002431e+03
2.104615214261764777e+03 1.669167357021257430e+03
4.238093662702873416e+02 1.600702929952018167e+03
5.211522792048434667e+02 1.599661549468096837e+03
6.180653759112500438e+02 1.598573131964063123e+03
7.145406711226287371e+02 1.597430159652133170e+03
8.105555251933245700e+02 1.596235058088529968e+03
9.060848330945684665e+02 1.594995943356028874e+03
1.001108011975769500e+03 1.593723307051031497e+03
1.095612041717361080e+03 1.592427533581828129e+03
1.189591650385849562e+03 1.591117154543867400e+03
1.283047592505392913e+03 1.589797754249947502e+03
1.375983840611557980e+03 1.588471448936871639e+03
1.468404397865526334e+03 1.587136869818131800e+03
1.560310620551249713e+03 1.585789487200020403e+03
1.651697923909443261e+03 1.584422812300409987e+03
1.742556344000310901e+03 1.583028956654124613e+03
1.832870068829918409e+03 1.581600444021572912e+03
1.922620118611554517e+03 1.580131790710656560e+03
2.011788921169903915e+03 1.578621389284824545e+03
2.100367244528437368e+03 1.577073567579575410e+03
4.236465129984944724e+02 1.504140344276089081e+03
5.207483505588679691e+02 1.503339850565321512e+03
6.174335544270423952e+02 1.502489674358780348e+03
7.136836825816013743e+02 1.501587427849341566e+03
8.094698183610612432e+02 1.500638077542072779e+03
9.047638068595729237e+02 1.499650582429427914e+03
9.995444486695209889e+02 1.498635277537319553e+03
1.093799875041160476e+03 1.497601919687230065e+03
1.187527170072768968e+03 1.496558320282081240e+03
1.280730165119825642e+03 1.495509497161404624e+03
1.373416206302455976e+03 1.494457284143852121e+03
1.465592586060060512e+03 1.493400342837466269e+03
1.557263517476806101e+03 1.492334404321035436e+03
1.648426487130964915e+03 1.491253422796885616e+03
1.739072511153346113e+03 1.490149799269410551e+03
1.829185317119518004e+03 1.489016018806453530e+03
1.918743684592410318e+03 1.487845898421164748e+03
2.007725660464212524e+03 1.486636117810524638e+03
2.096115109990970268e+03 1.485387889955444734e+03
4.235401979715891230e+02 1.408041334664567785e+03
5.204035312136896891e+02 1.407478824675660462e+03
6.168580396437971558e+02 1.406869586845798949e+03
7.128776623730597066e+02 1.406214005781280321e+03
8.084290790112463583e+02 1.405517705901282170e+03
9.034821898556801898e+02 1.404789018995439619e+03
9.980156905043988900e+02 1.404037014322290133e+03
1.092018937062149234e+03 1.403270029317007584e+03
1.185491143448576850e+03 1.402494644761252403e+03
1.278438815228873182e+03 1.401715053537898029e+03
1.370872203005030997e+03 1.400932776890287187e+03
1.462801707469181110e+03 1.400146547704641989e+03
1.554233312324078270e+03 1.399353148288524153e+03
1.645167222296428235e+03 1.398547122928960107e+03
1.735595326330736498e+03 1.397722039490816769e+03
1.825501371240507297e+03 1.396871259180102243e+03
1.914862764161419364e+03 1.395988988303740371e+03
2.003654479262506584e+03 1.395071456971729958e+03
2.091855273766946084e+03 1.394118204090524614e+03
4.234910307054391296e+02 1.312416163733193343e+03
5.201128215112851194e+02 1.312092694431296195e+03
6.163304392175068642e+02 1.311729060416688299e+03
7.121126002898848810e+02 1.311326688165142514e+03
8.074230792871092035e+02 1.310890488170311073e+03
9.022306172707710630e+02 1.310427101276448184e+03
9.965140413692506627e+02 1.309943533240279294e+03
1.090263766067661436e+03 1.309446135800809316e+03
1.183480695688667765e+03 1.308939896251503569e+03
1.276173413554491617e+03 1.308428000909500952e+03
1.368354655846593914e+03 1.307911485605250846e+03
1.460036376272418920e+03 1.307389869288673708e+03
1.551227284932981092e+03 1.306860450721941561e+03
1.641929025473651109e+03 1.306319280463499126e+03
1.732134578216191585e+03 1.305761525909728789e+03
1.821827997851956752e+03 1.305182107922308433e+03
1.910985983144662441e+03 1.304576442559112138e+03
1.999581523711435466e+03 1.303941271758911853e+03
2.087589825167037816e+03 1.303275568313182703e+03
4.234961764755659033e+02 1.217275896433122853e+03
5.198697966655101936e+02 1.217193387428458664e+03
6.158423101966969853e+02 1.217079432317511646e+03
7.113792766272248400e+02 1.216935334518462923e+03
8.064427908418703055e+02 1.216764377872866589e+03
9.010009932316356753e+02 1.216570811247128859e+03
9.950328886588924888e+02 1.216359054570697708e+03
1.088529621349828176e+03 1.216133103881555371e+03
1.181493205069694795e+03 1.215896114697532994e+03
1.273933576868462978e+03 1.215650144653029201e+03
1.365864964278074240e+03 1.215395857578089590e+03
1.457300821193640559e+03 1.215133245882543179e+03
1.548251299621852013e+03 1.214860694162183108e+03
1.638719289124579518e+03 1.214575894109231967e+03
1.728698695170283827e+03 1.214275973772758107e+03
1.818174023190557818e+03 1.213957872336858145e+03
1.907121766645800562e+03 1.213618777130480566e+03
1.995513840144610640e+03 1.213256613130667574e+03
2.083323255712884929e+03 1.212870576029942413e+03
4.235521280134335029e+02 1.122630365421056695e+03
5.196689189377998446e+02 1.122789570425251441e+03
6.153870724936177794e+02 1.122927122605256272e+03
7.106708277436655408e+02 1.123043553058068255e+03
8.054816441547238810e+02 1.123140023685259848e+03
8.997874772127544247e+02 1.123218018842965193e+03
9.935674425089305259e+02 1.123279098235580932e+03
1.086812994044014886e+03 1.123324707083882913e+03
1.179526597816562116e+03 1.123356039471852910e+03
1.271718968818786834e+03 1.123373752065665258e+03
1.363404347830167126e+03 1.123378707269123197e+03
1.454597540879310145e+03 1.123370803754926783e+03
1.545309249890372030e+03 1.123349781715077143e+03
1.635543113795602039e+03 1.123315098402905960e+03
1.725293707361393899e+03 1.123266023203190343e+03
1.814546025426663846e+03 1.123201757263554782e+03
1.903276737985992213e+03 1.123121573964823938e+03
1.991457453757390795e+03 1.123024976659105505e+03
2.079060187685432084e+03 1.122911870267750146e+03
4.236564032365905632e+02 1.028487929714637630e+03
5.195069251596588629e+02 1.028887348457097232e+03
6.149611379683234418e+02 1.029275125125639079e+03
7.099836594371078036e+02 1.029650845156774722e+03
8.045362607006074995e+02 1.030013438259694340e+03
8.985870620027769746e+02 1.030361554445184083e+03
9.921151797170390410e+02 1.030693846857438302e+03
1.085111930905615964e+03 1.031009175147930591e+03
1.177579754999845591e+03 1.031306522705785255e+03
1.269528548870026952e+03 1.031585940517785275e+03
1.360972930574514976e+03 1.031847289593036066e+03
1.451927429735958412e+03 1.032091079806996731e+03
1.542402804919734535e+03 1.032318211209554192e+03
1.632402912417279140e+03 1.032529896326318521e+03
1.721922690992690150e+03 1.032727556592759811e+03
1.810947597637975832e+03 1.032912696486124332e+03
1.899454776150585985e+03 1.033086758280717731e+03
1.987416193351846459e+03 1.033250959809272217e+03
2.074803936264104323e+03 1.033406117156571781e+03
4.238082819230716041e+02 9.348561893661465092e+02
5.193833849833686145e+02 9.354918169670855832e+02
6.145643339823350288e+02 9.361252643237830853e+02
7.093177713784128855e+02 9.367554431651414006e+02
8.036067064285512060e+02 9.373793016446869615e+02
8.973997776416981651e+02 9.379928699658265714e+02
9.906761648091414827e+02 9.385918299687825765e+02
1.083426355537154222e+03 9.391730326602638570e+02
1.175651864940633686e+03 9.397335242145181837e+02
1.267361946713413772e+03 9.402717060827646947e+02
1.358570046232340701e+03 9.407872131967799305e+02
1.449289823732336345e+03 9.412808982093315535e+02
1.539531409473887152e+03 9.417547104854991176e+02
1.629298348570855524e+03 9.422114839630731922e+02
1.718585626005346512e+03 9.426546462080676747e+02
1.807379103039630991e+03 9.430878594131828550e+02
1.895656643844884456e+03 9.435146027022040016e+02
1.983391164894652320e+03 9.439377038928581669e+02
2.070555798791443976e+03 9.443588278172242099e+02
4.240086836506771988e+02 8.417429324537838511e+02
5.193005164463941128e+02 8.426087652852645533e+02
6.141996931755147671e+02 8.434805364296346397e+02
7.086765503428009652e+02 8.443571786387501561e+02
8.026963110148558371e+02 8.452342532417574148e+02
8.962286874184144381e+02 8.461053996442165044e+02
9.892523665334858833e+02 8.469646815102487380e+02
1.081757346016334395e+03 8.478060350652167472e+02
1.173743606204577191e+03 8.486249650092984211e+02
1.265218715014365898e+03 8.494187105567834806e+02
1.356194381938837296e+03 8.501864356932608189e+02
1.446682684515173605e+03 8.509292200383124509e+02
1.536692494574982220e+03 8.516498761127298849e+02
1.626226556844812421e+03 8.523526157926203268e+02
1.715279606363749508e+03 8.530425860508436244e+02
1.803837852760610076e+03 8.537252917079783856e+02
1.891880107806744945e+03 8.544059208119024333e+02
1.979380787041671056e+03 8.550885864108064425e+02
2.066314975947680068e+03 8.557754968548122179e+02
4.242592797061920464e+02 7.491566911248744418e+02
5.192623898052728464e+02 7.502456518882237333e+02
6.138727479555228683e+02 7.513466704334457518e+02
7.080661796910109160e+02 7.524595287129830012e+02
8.018112109137816788e+02 7.535793297777718180e+02
8.950789067216144304e+02 7.546985928268802581e+02
9.878482260191308342e+02 7.558090927797721861e+02
1.080107982115929190e+03 7.569032333975796973e+02
1.171856333354199023e+03 7.579750101913961089e+02
1.263098608565434233e+03 7.590206132109632335e+02
1.353844166304079181e+03 7.600387142838670798e+02
1.444102892934134616e+03 7.610304783191979823e+02
1.533881861472069431e+03 7.619993338506353666e+02
1.623182599454379897e+03 7.629505340259404420e+02
1.711999348949287423e+03 7.638905357104295035e+02
1.800318644218637019e+03 7.648262212219738103e+02
1.888120481600078392e+03 7.657639844183333935e+02
1.975381311148135410e+03 7.667087003808799182e+02
2.062079039750847187e+03 7.676625957514197580e+02
4.245609569551526192e+02 6.571060622321787150e+02
5.192732798307753228e+02 6.584129497744595483e+02
6.135899539756510421e+02 6.597340368929093302e+02
7.074941499721808214e+02 6.610720037189055347e+02
8.009589566314048170e+02 6.624227530503204662e+02
8.939576528710013008e+02 6.637784463080829482e+02
9.864695316550075859e+02 6.651298713263363425e+02
1.078482321346330309e+03 6.664682204210848795e+02
1.169992117836265606e+03 6.677863488535299439e+02
1.261001623468729804e+03 6.690795762938356575e+02
1.351517384555420676e+03 6.703460871288828002e+02
1.441546626804044081e+03 6.715869793789775031e+02
1.531094206003916725e+03 6.728060065339066114e+02
1.620160118696928748e+03 6.740090517330711464e+02
1.708737953279111252e+03 6.752033693469184072e+02
1.796814605099252276e+03 6.763966251206763900e+02
1.884371528806792867e+03 6.775957625732235101e+02
1.971387756695127337e+03 6.788057202638869967e+02
2.057844872408119500e+03 6.800280218113309729e+02
4.249115080215533453e+02 5.655991562728102053e+02
5.193360017946016569e+02 5.671214652467195947e+02
6.133573745647166788e+02 5.686554847096987260e+02
7.069683102533150532e+02 5.702084153854689248e+02
8.001479460099485550e+02 5.717785479878311889e+02
8.928727302502538805e+02 5.733589773831118919e+02
9.851228243580872004e+02 5.749405123456333513e+02
1.076885081943848263e+03 5.765138742954529789e+02
1.168153509613944834e+03 5.780712686331378336e+02
1.258927997621346549e+03 5.796074034615745632e+02
1.349212006054663107e+03 5.811200225291337347e+02
1.439009801037526586e+03 5.826100120675378093e+02
1.528323754528795007e+03 5.840811347626718089e+02
1.617152149627817835e+03 5.855394383239779472e+02
1.705487869792692891e+03 5.869923809491349402e+02
1.793318294163457267e+03 5.884477113615281496e+02
1.880626671425101449e+03 5.899121369783467799e+02
1.967395200606389380e+03 5.913898101010175878e+02
2.053610008223377463e+03 5.928806587643467765e+02
4.253031156760840759e+02 4.746383334775449612e+02
5.194492719020113327e+02 4.763804185026961022e+02
6.131782505621509927e+02 4.781249526562130541e+02
7.064946551771989789e+02 4.798859512697263199e+02
7.993854309816820205e+02 4.816660166765825579e+02
8.918314253820334443e+02 4.834607473399180435e+02
9.838144716329576340e+02 4.852622082244248531e+02
1.075321019502699755e+03 4.870615703559913072e+02
1.166343208669862861e+03 4.888510163469597956e+02
1.256878166644227576e+03 4.906249985731615197e+02
1.346926211686476336e+03 4.923809275816267927e+02
1.436488551201911605e+03 4.941193601011823375e+02
1.525564986206059302e+03 4.958437486447594438e+02
1.614152061620774475e+03 4.975598080605412861e+02
1.702242039374567867e+03 4.992745484431367231e+02
1.789823015660330611e+03 5.009950184945934097e+02
1.876880454442971768e+03 5.027267986719697319e+02
1.963400365683136442e+03 5.044722792211906608e+02
2.049374318098036383e+03 5.062287544278938185e+02
4.257190356378052911e+02 3.842157187364832680e+02
5.196049024559844156e+02 3.861921774985107731e+02
6.130505599667390015e+02 3.881527215255706551e+02
7.060752569643075276e+02 3.901208788846743118e+02
7.986758260894112027e+02 3.921058322223307187e+02
8.908390585875508805e+02 3.941075446842964993e+02
9.825495703941105603e+02 3.961208141402936462e+02
1.073794174457239478e+03 3.981383778677690088e+02
1.164563647958300635e+03 4.001531773401530927e+02
1.254852670655316388e+03 4.021598814505904329e+02
1.344658610545148576e+03 4.041557562817760072e+02
1.433979744129741221e+03 4.061409603139625233e+02
1.522813419611946301e+03 4.081183356608323720e+02
1.611154601275942696e+03 4.100927584578070082e+02
1.698995171163524674e+03 4.120701048262998256e+02
1.786324309069049377e+03 4.140558828329020571e+02
1.873130223054520684e+03 4.160535754919873170e+02
1.959403459421117077e+03 4.180627350660289494e+02
2.045141982723974706e+03 4.200768646466688097e+02
4.261300233508675319e+02 2.943049480120332646e+02
5.197845800754685115e+02 2.965448689292024937e+02
6.129641877884494079e+02 2.987385524452745358e+02
7.057058311822291898e+02 3.009221521824356387e+02
7.980186709068095752e+02 3.031140578746158099e+02
8.898973405800032879e+02 3.053207646478156221e+02
9.813306923444181393e+02 3.075415386337170958e+02
1.072306998213017096e+03 3.097720149761223638e+02
1.162816489846405602e+03 3.120068504851275293e+02
1.252852008374676416e+03 3.142415406970349068e+02
1.342408437034210920e+03 3.164734998001817985e+02
1.431481501478360769e+03 3.187024916873405118e+02
1.520066444496979329e+03 3.209304912009858981e+02
1.608157012504745808e+03 3.231610463623698024e+02
1.695745129589577800e+03 3.253982049391888722e+02
1.782821580296512366e+03 3.276450620359739787e+02
1.869377973886891596e+03 3.299019794178726670e+02
1.955410219860408688e+03 3.321645219391922410e+02
2.040923706430212405e+03 3.344211516845655296e+02
4.172561488503288274e+02 1.994206193262167290e+03
5.109235988444819441e+02 1.992002705610380644e+03
6.040329933534492284e+02 1.989890636292228919e+03
6.966580021707128481e+02 1.987807796821123247e+03
7.888342028697877595e+02 1.985716067559789735e+03
8.805746095718342303e+02 1.983594331947685987e+03
9.718788187351099168e+02 1.981432951582845817e+03
1.062741668133517805e+03 1.979229159023544526e+03
1.153155983603581035e+03 1.976983855802732705e+03
1.243114777797293527e+03 1.974699231305854482e+03
1.332611800110459171e+03 1.972377275713311292e+03
1.421641315112515031e+03 1.970019058042415054e+03
1.510197622861334139e+03 1.967624680512758914e+03
1.598274766561423803e+03 1.965193829459242352e+03
1.685866813091752192e+03 1.962726851119663934e+03
1.772969039074555667e+03 1.960226287908020595e+03
1.859580308553851410e+03 1.957698817323322146e+03
1.945706887259616906e+03 1.955157541504020173e+03
2.031367902183401384e+03 1.952624580681890393e+03
4.171541593944090209e+02 1.900521011148411390e+03
5.104733576603608753e+02 1.898689515565138890e+03
6.033012382959022943e+02 1.896891358612312160e+03
6.956865178636098790e+02 1.895083742816166023e+03
7.876470532569908301e+02 1.893243172022246654e+03
8.791839382586126703e+02 1.891359306042960498e+03
9.702894089309568244e+02 1.889430445269176062e+03
1.060954422244331681e+03 1.887459250143223016e+03
1.151170460145684729e+03 1.885450251609286624e+03
1.240930898279520534e+03 1.883407797911237139e+03
1.330230819733176304e+03 1.881334838272361594e+03
1.419066133639934833e+03 1.879232374916432946e+03
1.507432496872336287e+03 1.877099505859322790e+03
1.595324471058571362e+03 1.874933988729043449e+03
1.682735288926183557e+03 1.872733262923103894e+03
1.769657552629331803e+03 1.870495873753674687e+03
1.856085141446321359e+03 1.868223247926230670e+03
1.942016566320768106e+03 1.865921774804070992e+03
2.027459973513662590e+03 1.863605152482859012e+03
4.169694280011652836e+02 1.807381784778953261e+03
5.099966683765730977e+02 1.805851557679910684e+03
6.025801518454983352e+02 1.804316394662542280e+03
6.947484751528801326e+02 1.802748249490530270e+03
7.865055740030609286e+02 1.801134409894767941e+03
8.778435736092231991e+02 1.799472187210180437e+03
9.687496129301767951e+02 1.797765338760984832e+03
1.059212498908142834e+03 1.796020045245324582e+03
1.149223694539063672e+03 1.794243079657060434e+03
1.238777977122110087e+03 1.792440032370845529e+03
1.327872621872215177e+03 1.790614323288486275e+03
1.416505955920078122e+03 1.788766791577269260e+03
1.504675767025955338e+03 1.786895795989023327e+03
1.592377987124545143e+03 1.784997765470118793e+03
1.679606014171208244e+03 1.783068145829847253e+03
1.766350985808587211e+03 1.781102693685788836e+03
1.852603274336793220e+03 1.779099073803267856e+03
1.938355433646806432e+03 1.777058720341324943e+03
2.023606794533789298e+03 1.774988926455155934e+03
4.167647235072596459e+02 1.714706184505339024e+03
5.095373852850586900e+02 1.713432869469162142e+03
6.018992026718246962e+02 1.712131095025787090e+03
6.938627187034657027e+02 1.710783701621458931e+03
7.854213559204700914e+02 1.709385388423582071e+03
8.765597431818137011e+02 1.707939107583329587e+03
9.672625109659527425e+02 1.706451475139484955e+03
1.057517263721128984e+03 1.704930832492111676e+03
1.147316321851498742e+03 1.703385085378224630e+03
1.236656490912194158e+03 1.701820353190305923e+03
1.325537714182270520e+03 1.700240173827082799e+03
1.413961151049493310e+03 1.698645200757348675e+03
1.501927152796171640e+03 1.697033335259883643e+03
1.589433544829692437e+03 1.695400242475805044e+03
1.676474569221158617e+03 1.693740205026367221e+03
1.763040792757616146e+03 1.692047272557636006e+03
1.849120242817607505e+03 1.690316669718229377e+03
1.934700995561735681e+03 1.688546428798604666e+03
2.019775407574053588e+03 1.686739216598198936e+03
4.165787604990945283e+02 1.622454325007035095e+03
5.091199842528041017e+02 1.621412434003220369e+03
6.012723949318764198e+02 1.620329345782779683e+03
6.930361343250294794e+02 1.619195369442301853e+03
7.843956582048934933e+02 1.618010860801260151e+03
8.753315019183921777e+02 1.616781194918763049e+03
9.658259525679603712e+02 1.615514843656548237e+03
1.055866526740706831e+03 1.614220933209481018e+03
1.145446906544499598e+03 1.612907624584281848e+03
1.234566211164329161e+03 1.611581016951716492e+03
1.323227211168163194e+03 1.610244515384313218e+03
1.411434014604247068e+03 1.608898610210995230e+03
1.499189684840353038e+03 1.607541020396438853e+03
1.586494189093741852e+03 1.606167158032426642e+03
1.673343022779258263e+03 1.604770875253280110e+03
1.759726807340837922e+03 1.603345458696865990e+03
1.845632117388168808e+03 1.601884840062846024e+03
1.931043756068275343e+03 1.600384994404194458e+03
2.015948665061383963e+03 1.598845500557486503e+03
4.164329995725337312e+02 1.530612053610117300e+03
5.087553908111010514e+02 1.529788927907871539e+03
6.007033886850979343e+02 1.528919295100593445e+03
6.922668190671500952e+02 1.527999421703959797e+03
7.834244897516259698e+02 1.527031798710223029e+03
8.741533684161056499e+02 1.526023388090360640e+03
9.644345231514055286e+02 1.524983024114959335e+03
1.054255874886765469e+03 1.523919638629167366e+03
1.143612669362065617e+03 1.522840963966566505e+03
1.232506348080558837e+03 1.521752661180646555e+03
1.320942411384899287e+03 1.520657826289897457e+03
1.408927790463930251e+03 1.519556831785000441e+03
1.496468177634816357e+03 1.518447464772733838e+03
1.583565704674727385e+03 1.517325326866597607e+03
1.670217306412172093e+03 1.516184464311819966e+03
1.756414060430006884e+03 1.515018199882766567e+03
1.842141752858036853e+03 1.513820140842121191e+03
1.927382884192479878e+03 1.512585339729598218e+03
2.012120297287239737e+03 1.511311586977586103e+03
4.163372774700394530e+02 1.439178946498096366e+03
5.084458652827157721e+02 1.438569976337395019e+03
6.001887868519874019e+02 1.437915156342813134e+03
6.915488427259037962e+02 1.437213287032159542e+03
7.825001919905062095e+02 1.436468400623100706e+03
8.730174871088584041e+02 1.435687500717902367e+03
9.630811689845450019e+02 1.434878768730665342e+03
1.052679789445559891e+03 1.434050187886621188e+03
1.141810120966616068e+03 1.433208540189213181e+03
1.230475718235921477e+03 1.432358735910572477e+03
1.318684511842095390e+03 1.431503438947108634e+03
1.406445939743533472e+03 1.430642954824426624e+03
1.493768056230928096e+03 1.429775351262591357e+03
1.580654999848597754e+03 1.428896784049804410e+03
1.667105150337809846e+03 1.428002003543884712e+03
1.753110259324873823e+03 1.427085019448823914e+03
1.838655799494129951e+03 1.426139903618800645e+03
1.923722741726302957e+03 1.425161712543549356e+03
2.008290938574979009e+03 1.424147512884648677e+03
4.162939114169133745e+02 1.348161976571877176e+03
5.081882487380800058e+02 1.347766923502551890e+03
5.997224266944255078e+02 1.347330015663973882e+03
6.908739743665828428e+02 1.346851629364971359e+03
7.816139027200599685e+02 1.346335809137553952e+03
8.719153545130270686e+02 1.345788617852742618e+03
9.617585044916511379e+02 1.345216826950807672e+03
1.051132559079080920e+03 1.344626911684199058e+03
1.140035599753214228e+03 1.344024319400905597e+03
1.228472921175854026e+03 1.343412981756948739e+03
1.316454432630251176e+03 1.342795044359945678e+03
1.403991618310228887e+03 1.342170789730465003e+03
1.491094487453239253e+03 1.341538731642198854e+03
1.577768888290196855e+03 1.340895860882525085e+03
1.664014509453975734e+03 1.340238024277437262e+03
1.749823848084395877e+03 1.339560420463542641e+03
1.835182384702882700e+03 1.338858197378436671e+03
1.920070170385055917e+03 1.338127137791780569e+03
2.004465001276548492e+03 1.337364420424594982e+03
4.163015746403360708e+02 1.257569063017756889e+03
5.079776521402360459e+02 1.257389319695618724e+03
5.992970945224250272e+02 1.257174032502167847e+03
6.902339509203036414e+02 1.256924057904773690e+03
7.807572206661275231e+02 1.256642576445110763e+03
8.708391447768390208e+02 1.256334021514393044e+03
9.604598243495740917e+02 1.256003226953914918e+03
1.049608998591303362e+03 1.255654771830768823e+03
1.138285712406436005e+03 1.255292502498127078e+03
1.226496512271694883e+03 1.254919213671454827e+03
1.314252728319076368e+03 1.254536471746040206e+03
1.401567329018147120e+03 1.254144564956354543e+03
1.488451771594723368e+03 1.253742566242499834e+03
1.574913215435037273e+03 1.253328495851389107e+03
1.660952416380149543e+03 1.252899571767939051e+03
1.746562576271016496e+03 1.252452537051556646e+03
1.831729383688806820e+03 1.251984054052280499e+03
1.916432447942406270e+03 1.251491156305464756e+03
2.000648298440476538e+03 1.250971749659770921e+03
4.163574668755538823e+02 1.167407992009411146e+03
5.078090318979195672e+02 1.167444684712068693e+03
5.989064708561834323e+02 1.167453469499528182e+03
6.896219418169375786e+02 1.167434990733015184e+03
7.799234033195942857e+02 1.167391020208047394e+03
8.697826670546694459e+02 1.167323939367557841e+03
9.591798414015850085e+02 1.167236323747911001e+03
1.048104983491003622e+03 1.167130620901322118e+03
1.136557676718846324e+03 1.167008913489410361e+03
1.224545161249396415e+03 1.166872759680785975e+03
1.312079565813157842e+03 1.166723103409776513e+03
1.399174718951200930e+03 1.166560247463013866e+03
1.485842955802060715e+03 1.166383882755124205e+03
1.572092281682272187e+03 1.166193167534096119e+03
1.657924205273944153e+03 1.165986850620950690e+03
1.743332511475879755e+03 1.165763433137288530e+03
1.828303206242586384e+03 1.165521363508411469e+03
1.912815832436240271e+03 1.165259260849400107e+03
1.996846326317365765e+03 1.164976162147276000e+03
4.164590477498884411e+02 1.077685425795664059e+03
5.076787028389447869e+02 1.077938250846567826e+03
5.985462783990981279e+02 1.078171350924430953e+03
6.890334954511056367e+02 1.078384838258365562e+03
7.791081388867110036e+02 1.078578836703822617e+03
8.687419846968095953e+02 1.078753498230255673e+03
9.579151700446334416e+02 1.078909009151817827e+03
1.046617810131477199e+03 1.079045589735015483e+03
1.134849566988264087e+03 1.079163490016986088e+03
1.222617787615691213e+03 1.079262983973300379e+03
1.309934751127338586e+03 1.079344363574020008e+03
1.396814495669407052e+03 1.079407933751297151e+03
1.483269634941182176e+03 1.079454008862254568e+03
1.569308520254820223e+03 1.079482910859153435e+03
1.654933056466613380e+03 1.079494969067801094e+03
1.740137438074424608e+03 1.079490521218223194e+03
1.824908034665951618e+03 1.079469915163025689e+03
1.909224622141089185e+03 1.079433510553342558e+03
1.993063127197511449e+03 1.079381679615067924e+03
4.166049456311745871e+02 9.884071556704919885e+02
5.075850714271557536e+02 9.888738727030547579e+02
5.982148728281791819e+02 9.893289311315207897e+02
6.884670150991004220e+02 9.897719386520142280e+02
7.783099297284118165e+02 9.902014174818048104e+02
8.677157238940114894e+02 9.906153415726445246e+02
9.566645734471478590e+02 9.910115546299236939e+02
1.045146390911500930e+03 9.913880845092626259e+02
1.133160462972666664e+03 9.917433675629134768e+02
1.220713665783557644e+03 9.920763947274488146e+02
1.307817789999341130e+03 9.923867895614171175e+02
1.394486439751566195e+03 9.926748270383542376e+02
1.480731909840459821e+03 9.929414006598831293e+02
1.566562392419691378e+03 9.931879443601714001e+02
1.651979817601622699e+03 9.934163147127279672e+02
1.736978591028827850e+03 9.936286381106086765e+02
1.821545454911813977e+03 9.938271268598903134e+02
1.905660666757020408e+03 9.940138674932015874e+02
1.989300661492908375e+03 9.941905840654393387e+02
4.167951941023488871e+02 8.995787729897753024e+02
5.075287833254297993e+02 9.002552916076452902e+02
5.979133294817029309e+02 9.009274639078116707e+02
6.879238076749835500e+02 9.015947495161815368e+02
7.775301214863409314e+02 9.022543860574104428e+02
8.667050972360939340e+02 9.029024387596881525e+02
9.554289917251574025e+02 9.035346249714082205e+02
1.043691293698988147e+03 9.041469406930649484e+02
1.131490503924586847e+03 9.047361130778301685e+02
1.218832494070451503e+03 9.052999000303582307e+02
1.305727969423181094e+03 9.058372555063236859e+02
1.392189493856205218e+03 9.063483768581161257e+02
1.478228476472202829e+03 9.068346485605784437e+02
1.563852467142671458e+03 9.072984948621777903e+02
1.649063062014999787e+03 9.077431523210672140e+02
1.733854679269851886e+03 9.081723717832791181e+02
1.818214429375322652e+03 9.085900581247185528e+02
1.902123272244634336e+03 9.089998549938408132e+02
1.985558625561130611e+03 9.094046808436575020e+02
4.170308632130939941e+02 8.112062879348934530e+02
5.075123427128131652e+02 8.120872982030825824e+02
5.976450741605672192e+02 8.129698290281401114e+02
6.874077448492463418e+02 8.138538637898865318e+02
7.767726091759116116e+02 8.147359333299179980e+02
8.657136656270362209e+02 8.156106744680882912e+02
9.542113670450926293e+02 8.164720601081792211e+02
1.042254634297325310e+03 8.173143392049958038e+02
1.129840849667086104e+03 8.181327206091690414e+02
1.216974422931494018e+03 8.189238309787530170e+02
1.303664449093682379e+03 8.196859735106006610e+02
1.389921911119597780e+03 8.204192111649146000e+02
1.475756822894705692e+03 8.211252953015173262e+02
1.561175656154446870e+03 8.218074581872260751e+02
1.646179349619167624e+03 8.224700856435106289e+02
1.730762158314279986e+03 8.231182841579076239e+02
1.814911565478004604e+03 8.237573550590291234e+02
1.898609448008907066e+03 8.243921868328404798e+02
1.981834658593594440e+03 8.250265753183334709e+02
4.173131462837470735e+02 7.232962869650267521e+02
5.075392553913494567e+02 7.243763962914962349e+02
5.974151018359711998e+02 7.254616302005233592e+02
6.869245725282595458e+02 7.265534742381283877e+02
7.760432488543167437e+02 7.276485853457786561e+02
8.647468601372844432e+02 7.287408603391021416e+02
9.530162805320705957e+02 7.298230747865493413e+02
1.040839830421630495e+03 7.308881414061688702e+02
1.128213551025135303e+03 7.319300317777392593e+02
1.215140038816454762e+03 7.329444003735094384e+02
1.301626353426976721e+03 7.339289455980378989e+02
1.387681448007512699e+03 7.348835386540552008e+02
1.473313513675652530e+03 7.358101475783799970e+02
1.558527578884040850e+03 7.367125806842038855e+02
1.643323659592286276e+03 7.375960708710227891e+02
1.727695716358963182e+03 7.384667197912139045e+02
1.811631639301060659e+03 7.393308186653046050e+02
1.895114450763639070e+03 7.401940605911636339e+02
1.978124888022060759e+03 7.410606574724405391e+02
4.176419572664260613e+02 6.358552739880794888e+02
5.076127428492941362e+02 6.371306235280139845e+02
5.972288230394991615e+02 6.384114296766958887e+02
6.864809014835633434e+02 6.397019606287294664e+02
7.753490010284492655e+02 6.410000855489447531e+02
8.638112836595444151e+02 6.422998583024655090e+02
9.518494148420454621e+02 6.435935721227243675e+02
1.039451225294276355e+03 6.448733448953121297e+02
1.126611332202096492e+03 6.461322883875832304e+02
1.213330300922770220e+03 6.473653090267473544e+02
1.299612856288855255e+03 6.485695826693915933e+02
1.385465588766129486e+03 6.497447411640637256e+02
1.470894544088486555e+03 6.508928043405519475e+02
1.555903034810244662e+03 6.520178873233983268e+02
1.640489967777630682e+03 6.531257097248706032e+02
1.724648942187909824e+03 6.542229302890450526e+02
1.808368338098845470e+03 6.553163279015629996e+02
1.891632584450667764e+03 6.564118475194990197e+02
1.974424768396208719e+03 6.575135274852418661e+02
4.180140884558543348e+02 5.488878880329473304e+02
5.077340700434333485e+02 5.503582309467590221e+02
5.970905740721228767e+02 5.518298299087066425e+02
6.860829090045373277e+02 5.533113176277702223e+02
7.746968297393111698e+02 5.548031164961997774e+02
8.629138106593748034e+02 5.563005468363576256e+02
9.507168553039039125e+02 5.577963079735133078e+02
1.038093588611324321e+03 5.592824021199833169e+02
1.125037287902331855e+03 5.607515637159290236e+02
1.211546428873923560e+03 5.621982502425760231e+02
1.297623251844554488e+03 5.636192445440868823e+02
1.383271790404728108e+03 5.650139133091503254e+02
1.468495748648605968e+03 5.663841615212062379e+02
1.553296563529353080e+03 5.677341183400453701e+02
1.637671944903349868e+03 5.690695859838106117e+02
1.721615146880076054e+03 5.703972796992491112e+02
1.805115189608690571e+03 5.717238838027005841e+02
1.888158220096716377e+03 5.730549460108513813e+02
1.970730173608171754e+03 5.743936298276744310e+02
4.184209736433163016e+02 4.623937323625040108e+02
5.079005256880457182e+02 4.640649642412909088e+02
5.970018238776801809e+02 4.657271524476823288e+02
6.857347788050451527e+02 4.673951802197555025e+02
7.740923792315322771e+02 4.690736238309078772e+02
8.620605018688149812e+02 4.707603983593589874e+02
9.496242416519414746e+02 4.724496791711660535e+02
1.036771502278348635e+03 4.741341791887339241e+02
1.123494498157620001e+03 4.758068537168072680e+02
1.209789739998454024e+03 4.774620970944466762e+02
1.295657006060180720e+03 4.790964886671246177e+02
1.381097738713245462e+03 4.807091394659137222e+02
1.466113250565391581e+03 4.823016854835631193e+02
1.550703075271669150e+03 4.838779684975381770e+02
1.634863754579836723e+03 4.854434409592892052e+02
1.718588314554138833e+03 4.870043275025942648e+02
1.801866649713749666e+03 4.885665720805934598e+02
1.884687003514450680e+03 4.901345965833205582e+02
1.967038706739045665e+03 4.917098939802285713e+02
4.188460975801540371e+02 3.763625871935809073e+02
5.081030902577913366e+02 3.782497258715591215e+02
5.969591074573369269e+02 3.801094994359980319e+02
6.854369040243753943e+02 3.819652376960121956e+02
7.735384482755853242e+02 3.838275387005890025e+02
8.612553494525918723e+02 3.856984685651592599e+02
9.485757815484205366e+02 3.875749405729799264e+02
1.035488637969221600e+03 3.894513635178684581e+02
1.121985563925944007e+03 3.913216400246172952e+02
1.208061435433394308e+03 3.931805872320262552e+02
1.293713784355826419e+03 3.950248446772146735e+02
1.378941607194227572e+03 3.968533274106365525e+02
1.463743940455932716e+03 3.986672762363874654e+02
1.548118536750676412e+03 4.004699514540653809e+02
1.632060932554406691e+03 4.022660115235266858e+02
1.715564160270649381e+03 4.040606136331068683e+02
1.798619323253034509e+03 4.058582691801753981e+02
1.881217222337800195e+03 4.076614836284596777e+02
1.963351195725424077e+03 4.094692070510694748e+02
4.105818739705388225e+02 1.996385389333197509e+03
4.998233474814629744e+02 1.994266430179295185e+03
5.885498337454619104e+02 1.992239744740518290e+03
6.768315935135369728e+02 1.990247892367328404e+03
7.647059924943318947e+02 1.988254177504702511e+03
8.521888784596769710e+02 1.986237158649301364e+03
9.392838744287865893e+02 1.984185909744793662e+03
1.025988430811682974e+03 1.982096289107292705e+03
1.112297586001682703e+03 1.979968055722566987e+03
1.198206010122827365e+03 1.977802743069092230e+03
1.283708837220751093e+03 1.975602209529344009e+03
1.368801729724243842e+03 1.973367792515014571e+03
1.453480564644062724e+03 1.971100000721916786e+03
1.537741082941168315e+03 1.968798685513249438e+03
1.621578801088258615e+03 1.966463638366366013e+03
1.704989446433269677e+03 1.964095566664037733e+03
1.787970144979711677e+03 1.961697404917793165e+03
1.870521561110288530e+03 1.959275922825459475e+03
1.952651163131849671e+03 1.956843595430973892e+03
4.105173747590728226e+02 1.907137822825012790e+03
4.994336288328210003e+02 1.905364914699767269e+03
5.878963166027250509e+02 1.903630523349022496e+03
6.759540566182689645e+02 1.901894194435157260e+03
7.636284663261335481e+02 1.900131965003645291e+03
8.509244390558549185e+02 1.898332101532973866e+03
9.378384758115055320e+02 1.896490869435269360e+03
1.024363897105237356e+03 1.894609313925792094e+03
1.110493865537293914e+03 1.892690785799370587e+03
1.196222777662449516e+03 1.890739133226574268e+03
1.281546516164054310e+03 1.888757488470522730e+03
1.366461993580834587e+03 1.886747585477340181e+03
1.450966365966113472e+03 1.884709550671603665e+03
1.535056248150901638e+03 1.882642115050035954e+03
1.618727221049910668e+03 1.880543200864784922e+03
1.701973885076954502e+03 1.878410840870437823e+03
1.784790681666826913e+03 1.876244392321062605e+03
1.867173676632196020e+03 1.874046011686047223e+03
1.949123474163109222e+03 1.871822359444169251e+03
4.103691700004472978e+02 1.818395687763474143e+03
4.990125344143453958e+02 1.816903840464827226e+03
5.872465930069606657e+02 1.815414438972190510e+03
6.751031602099119482e+02 1.813899353610335993e+03
7.625909615169559856e+02 1.812344497064013012e+03
8.497064232817158427e+02 1.810745240624177313e+03
9.364408684920540509e+02 1.809102934229157199e+03
1.022784996843158069e+03 1.807422150926104905e+03
1.108731266881904958e+03 1.805708579799009158e+03
1.194274723814706022e+03 1.803967498827222244e+03
1.279412750826230877e+03 1.802202765865583842e+03
1.364144163552906548e+03 1.800416272031701737e+03
1.448468015882820737e+03 1.798607807300918694e+03
1.532382439779288461e+03 1.796775293093970504e+03
1.615883801685361504e+03 1.794915341141424506e+03
1.698966422660983199e+03 1.793024101964208967e+03
1.781623078191105378e+03 1.791098369959128377e+03
1.863846466092478749e+03 1.789136915357440557e+03
1.945631806697245111e+03 1.787142016265766188e+03
4.101951514138854691e+02 1.730080519033392193e+03
4.986008574575062084e+02 1.728828363976070023e+03
5.866293956458223420e+02 1.727554784963300335e+03
6.742980719157072826e+02 1.726241757704338852e+03
7.616056407585638226e+02 1.724882247803600876e+03
8.485420767750175628e+02 1.723476559719970737e+03
9.350950436444750267e+02 1.722029380205646248e+03
1.021253744103422150e+03 1.720547444241948142e+03
1.107010753033919855e+03 1.719037758429358973e+03
1.192362363453760281e+03 1.717506323093113679e+03
1.277307911111508474e+03 1.715957300086555506e+03
1.361848486652421570e+03 1.714392578460618552e+03
1.445985394146058979e+03 1.712811694863922639e+03
1.529718670438922800e+03 1.711212069785143740e+03
1.613045940669172523e+03 1.709589524585535628e+03
1.695961850770632736e+03 1.707939047729628783e+03
1.778458287371489405e+03 1.706255781738442010e+03
1.860525568681969844e+03 1.704536205191674526e+03
1.942154766334269880e+03 1.702779486620700254e+03
4.100319036861177437e+02 1.642152195893696444e+03
4.982233189469169474e+02 1.641114112442126498e+03
5.860597265031250345e+02 1.640040724597843109e+03
6.735469569745615672e+02 1.638921179226615095e+03
7.606759701611913442e+02 1.637753303299952677e+03
8.474319037351727957e+02 1.636540542428849221e+03
9.337999216436480765e+02 1.635289485870092676e+03
1.019768529373247702e+03 1.634007917542925725e+03
1.105330943709874191e+03 1.632703338364487990e+03
1.190485034065288573e+03 1.631381910458827406e+03
1.275232289899635134e+03 1.630047778559291373e+03
1.359576213397888978e+03 1.628702728247441428e+03
1.443520487589522645e+03 1.627346144589816049e+03
1.527067226838064471e+03 1.625975238280675512e+03
1.610215578440426498e+03 1.624585509605346033e+03
1.692960910394647726e+03 1.623171423433703922e+03
1.775294790703599801e+03 1.621727271063128683e+03
1.857205937415600147e+03 1.620248197079404235e+03
1.938682295540546420e+03 1.618731371515035789e+03
4.099012886272671494e+02 1.554593042577348115e+03
4.978921550318219715e+02 1.553755372596620873e+03
5.855429368399635450e+02 1.552875631381892617e+03
6.728504188217837054e+02 1.551947972739204033e+03
7.597995651911194273e+02 1.550973295165865238e+03
8.463719567603532141e+02 1.549956728508115475e+03
9.325511186326709776e+02 1.548905604527452851e+03
1.018325390402100766e+03 1.547827861867265483e+03
1.103688913161591017e+03 1.546730840570031432e+03
1.188641238689858938e+03 1.545620425535553522e+03
1.273186005086724208e+03 1.544500502166339857e+03
1.357329069027139667e+03 1.543372690948591298e+03
1.441076436956390808e+03 1.542236330895203764e+03
1.524432295273869840e+03 1.541088684657468548e+03
1.607397402235495974e+03 1.539925340719374390e+03
1.689968071388874023e+03 1.538740790445405764e+03
1.772135947337567586e+03 1.537529159880504722e+03
1.853888749056825418e+03 1.536285078118938600e+03
1.935212133442440518e+03 1.535004665785102134e+03
4.098143006663443657e+02 1.467399269815179196e+03
4.976113532467899176e+02 1.466756030105554373e+03
5.850780957063534515e+02 1.466069060920400034e+03
6.722043409550576598e+02 1.465335784498554176e+03
7.589705448694459164e+02 1.464558739503449033e+03
8.453557367457378859e+02 1.463743580287963141e+03
9.313424203179033611e+02 1.462897462377563215e+03
1.016919083321442145e+03 1.462027775101851603e+03
1.102080877640448762e+03 1.461141185904027679e+03
1.186828964669586412e+03 1.460242964139377364e+03
1.271168960764409121e+03 1.459336555162993363e+03
1.355108864736428586e+03 1.458423378226797468e+03
1.438656802541901698e+03 1.457502824178298397e+03
1.521818882952789636e+03 1.456572431198339928e+03
1.604597421484434562e+03 1.455628218850936264e+03
1.686989757643981875e+03 1.454665162562359455e+03
1.768987862165100751e+03 1.453677792314759472e+03
1.850578905864109629e+03 1.452660900846595496e+03
1.931746939689213377e+03 1.451610348011592805e+03
4.097749401460858962e+02 1.380573969173059140e+03
4.973798386841734782e+02 1.380123711156502850e+03
5.846607112596705065e+02 1.379631633407179379e+03
6.716021827099310713e+02 1.379097071878173665e+03
7.581814357974851646e+02 1.378523095808898688e+03
8.443757338785584352e+02 1.377914989557851641e+03
9.301669839823630355e+02 1.377279027309225512e+03
1.015543965417110030e+03 1.376621511553995788e+03
1.100502774688671934e+03 1.375948048834959764e+03
1.185045971532549629e+03 1.375263038612077480e+03
1.269180852351442809e+03 1.374569353266394728e+03
1.352917225531957683e+03 1.373868189233692874e+03
1.436265017270762428e+03 1.373159071057538767e+03
1.519231996025591116e+03 1.372439991789321311e+03
1.601821867933692602e+03 1.371707674652855985e+03
1.684032963978795351e+03 1.370957942245113827e+03
1.765857711857350751e+03 1.370186180773516980e+03
1.847283060961656702e+03 1.369387887944346176e+03
1.928292007269452370e+03 1.368559294125611359e+03
4.097831236223624956e+02 1.294122877830166090e+03
4.971939756845497413e+02 1.293866293075882822e+03
5.842848634034608040e+02 1.293572190128345255e+03
6.710367769686383781e+02 1.293240812232821327e+03
7.574246640700896478e+02 1.292874940539630188e+03
8.434246383082221428e+02 1.292478833530263955e+03
9.290182882480737590e+02 1.292057369829832396e+03
1.014194700431702586e+03 1.291615374852887953e+03
1.098950736838398143e+03 1.291157113352968281e+03
1.183290042620656550e+03 1.290685931438717034e+03
1.267221202597489764e+03 1.290204032990534415e+03
1.350755414186672624e+03 1.289712376670109506e+03
1.433903999506594801e+03 1.289210680869077805e+03
1.516676039644042476e+03 1.288697525000171936e+03
1.599076378993605658e+03 1.288170536501740798e+03
1.681104216608600154e+03 1.287626653811240431e+03
1.762752474192957607e+03 1.287062456371546205e+03
1.844008106283957886e+03 1.286474553471695117e+03
1.924853496943459049e+03 1.285860024396503150e+03
4.098368818383430607e+02 1.208052024630751703e+03
4.970494482344766993e+02 1.207990206807018239e+03
5.839448009750204847e+02 1.207896662325581929e+03
6.705016735918150061e+02 1.207771853900720998e+03
7.566936699024583959e+02 1.207617721294883722e+03
8.424962467842058231e+02 1.207437058055506668e+03
9.278908487378936343e+02 1.207233005553838439e+03
1.012866796758591590e+03 1.207008653935910388e+03
1.097421462609848277e+03 1.206766740294956662e+03
1.181559196168509970e+03 1.206509435029988026e+03
1.265289417239684326e+03 1.206238207968849338e+03
1.348624233385213302e+03 1.205953766407920057e+03
1.431575901182405914e+03 1.205656057756657901e+03
1.514154409314551458e+03 1.205344329975405344e+03
1.596365427430634782e+03 1.205017243461248199e+03
1.678208834291216590e+03 1.204673028471198677e+03
1.759678011881262591e+03 1.204309682576483738e+03
1.840760068503388538e+03 1.203925203018133743e+03
1.921437500207440735e+03 1.203517661587139401e+03
4.099339121922754430e+02 1.122366733795463460e+03
4.969425764156894729e+02 1.122500022441590090e+03
5.836360518687076819e+02 1.122608157306734256e+03
6.699920684736698604e+02 1.122691426880371864e+03
7.559836768121259638e+02 1.122750620810880037e+03
8.415860894320592251e+02 1.122786828025643217e+03
9.267807164862617810e+02 1.122801269050811243e+03
1.011556988372278738e+03 1.122795160958350380e+03
1.095912487933029752e+03 1.122769613181285877e+03
1.179851852492463877e+03 1.122725552290568885e+03
1.263384850733744770e+03 1.122663673713843536e+03
1.346523990444059109e+03 1.122584418293107092e+03
1.429281969783661452e+03 1.122487971520937663e+03
1.511669246382550455e+03 1.122374283260136508e+03
1.593691964678001796e+03 1.122243105736353527e+03
1.675350451983462563e+03 1.122094047594766607e+03
1.756638467374260927e+03 1.121926641828012862e+03
1.837543364181483639e+03 1.121740425411210936e+03
1.918047685384358829e+03 1.121534815609279349e+03
4.100725462209668422e+02 1.037071525019749515e+03
4.968711209119028354e+02 1.037398869611959526e+03
5.833560900525278612e+02 1.037707825692758206e+03
6.695053545540080222e+02 1.037998388213308999e+03
7.552921444501942005e+02 1.038270116060070450e+03
8.406917988704035452e+02 1.038522339682414668e+03
9.256857747247993302e+02 1.038754322408074131e+03
1.010263467826908936e+03 1.038965382380991514e+03
1.094422361284409590e+03 1.039154981018706849e+03
1.178166954767773404e+03 1.039322782967598869e+03
1.261506873925911805e+03 1.039468691722564927e+03
1.344454511040295984e+03 1.039592864362461569e+03
1.427022505341993110e+03 1.039695708224375721e+03
1.509221333667897397e+03 1.039777861789934832e+03
1.591057248766520161e+03 1.039840161577561958e+03
1.672530773093612879e+03 1.039883596418931120e+03
1.753635929923260164e+03 1.039909250139427513e+03
1.834360720323980104e+03 1.039918008284048938e+03
1.914686929325200936e+03 1.039911364424800695e+03
4.102521868860111454e+02 9.521705039056566875e+02
4.968346227111803728e+02 9.526892982378213901e+02
5.831045993887461236e+02 9.531961259457083315e+02
6.690413278532583945e+02 9.536908280260500987e+02
7.546189316496870561e+02 9.541718674230676243e+02
8.398132420512433782e+02 9.546369380659008357e+02
9.246058485211634661e+02 9.550834493084997803e+02
1.008985980150279147e+03 9.555089009354143172e+02
1.092950725941068868e+03 9.559111620411814556e+02
1.176504041573068434e+03 9.562886654298517897e+02
1.259654936800386395e+03 9.566405276967104783e+02
1.342415190196710682e+03 9.569666038300882747e+02
1.424796895938218313e+03 9.572674839924690104e+02
1.506810110120745776e+03 9.575444390933500927e+02
1.588460831218833846e+03 9.577993208391922053e+02
1.669749520234268857e+03 9.580344211271349195e+02
1.750670664279168022e+03 9.582520568451783447e+02
1.831211637307134879e+03 9.584552967200669400e+02
1.911355659362120150e+03 9.586463372141531636e+02
4.104732652338208254e+02 8.676678855310678955e+02
4.968343207084375308e+02 8.683742326182001534e+02
5.828833704774817761e+02 8.690741485527066743e+02
6.686020786087556189e+02 8.697677072348142246e+02
7.539661939401652262e+02 8.704526168546397003e+02
8.389524335244623217e+02 8.711252257735272906e+02
9.235426406760958571e+02 8.717813274100574290e+02
1.007725785968331138e+03 8.724167872750463175e+02
1.091498312818937166e+03 8.730280126557086078e+02
1.174863269979340885e+03 8.736122830722614481e+02
1.257828620548068557e+03 8.741679574967397457e+02
1.340405070376236381e+03 8.746945724118111229e+02
1.422603717295625074e+03 8.751928430769567058e+02
1.504433785910787037e+03 8.756645788423242038e+02
1.585900680240537440e+03 8.761125219902357912e+02
1.667004557803987609e+03 8.765401183755515149e+02
1.747739941385269049e+03 8.769509594472444860e+02
1.828094537419304743e+03 8.773494906636672113e+02
1.908052266440908625e+03 8.777390604745692144e+02
4.107367612639889103e+02 7.835683371478248773e+02
4.968726858817018410e+02 7.844577138406881431e+02
5.826958633798717528e+02 7.853447030992504097e+02
6.681915948626867703e+02 7.862302377317892024e+02
7.533380376532489890e+02 7.871118128116866046e+02
8.381132472775394717e+02 7.879848871471762095e+02
9.224995062821456031e+02 7.888440089297400846e+02
1.006485501717952275e+03 7.896836964663878007e+02
1.090066847386789732e+03 7.904991014958989126e+02
1.173245388467758175e+03 7.912864795209524118e+02
1.256027674173150672e+03 7.920434888272634453e+02
1.338422937956388751e+03 7.927693373803037957e+02
1.420440883893552382e+03 7.934647945650665406e+02
1.502089541629379255e+03 7.941320827420520345e+02
1.583373420213101326e+03 7.947746618123201188e+02
1.664292478240086893e+03 7.953966351700796622e+02
1.744840232788562389e+03 7.960034697140681601e+02
1.825005706425708468e+03 7.965998731457727899e+02
1.904773404941020090e+03 7.971903388825154479e+02
4.110433295465975334e+02 6.998768641432529876e+02
4.969526070569879721e+02 7.009451625528911336e+02
5.825464660203828089e+02 7.020129075445336184e+02
6.678151033662974214e+02 7.030827510289543625e+02
7.527399508009225428e+02 7.041527140138664436e+02
8.373009428760817627e+02 7.052179855180863797e+02
9.214810774158942195e+02 7.062723721156169177e+02
1.005268824346453130e+03 7.073094365817066773e+02
1.088658874140739044e+03 7.083233599720776965e+02
1.171651659388243161e+03 7.093095577294827763e+02
1.254252031699909367e+03 7.102650770435532195e+02
1.336467430603330968e+03 7.111887996583473068e+02
1.418305840670011094e+03 7.120814715977844571e+02
1.499773797300203796e+03 7.129455788351858700e+02
1.580874965332892998e+03 7.137847851091844404e+02
1.661607754321504444e+03 7.146047338126047634e+02
1.741966402366088232e+03 7.154107996598233967e+02
1.821940117503689635e+03 7.162086536022297878e+02
1.901514505667382991e+03 7.170032992564845244e+02
4.113920662437410556e+02 6.165979970652947486e+02
4.970762599620314859e+02 6.178429268579639029e+02
5.824394752939572300e+02 6.190860508485693572e+02
6.674781704041662351e+02 6.203328323578339223e+02
7.521780291356639054e+02 6.215827543763280119e+02
8.365215203227947995e+02 6.228315207121538606e+02
9.204927485712579482e+02 6.240728352221792647e+02
1.004080147456366490e+03 6.252998049957034254e+02
1.087277502091189263e+03 6.265060085060366646e+02
1.170083731028910734e+03 6.276862653601433522e+02
1.252501806776621152e+03 6.288371403190429874e+02
1.334537149163043978e+03 6.299572106951806063e+02
1.416195785831243484e+03 6.310471230236712472e+02
1.497482816286761135e+03 6.321091418086936073e+02
1.578399775234679282e+03 6.331481154477743303e+02
1.658945092821495791e+03 6.341691554936046487e+02
1.739112600102574788e+03 6.351782904948918258e+02
1.818892078048164876e+03 6.361814611978917355e+02
1.898270474953591929e+03 6.371837146698835568e+02
4.117789506819585768e+02 5.337340672130620760e+02
4.972436882725079386e+02 5.351569089562635781e+02
5.823778253919216468e+02 5.365725281821879662e+02
6.671855830907766176e+02 5.379905245848502773e+02
7.516580141873395178e+02 5.394129781508356700e+02
8.357809168552407755e+02 5.408370601028259443e+02
9.195400326422002308e+02 5.422571501257843920e+02
1.002924075435756322e+03 5.436665129938163545e+02
1.085926074660946597e+03 5.450585821710978962e+02
1.168543459664240117e+03 5.464278929454086438e+02
1.250777262109467301e+03 5.477707031227481593e+02
1.332631000856206583e+03 5.490850075684194280e+02
1.414108178071295242e+03 5.503719280971826038e+02
1.495211983689880981e+03 5.516336626141991246e+02
1.575943072159574967e+03 5.528744302551095871e+02
1.656298817021872765e+03 5.540996562064519821e+02
1.736272960334801610e+03 5.553153139878676257e+02
1.815856015301436400e+03 5.565271274649572888e+02
1.895036555824256993e+03 5.577396475056840472e+02
4.121949914610961514e+02 4.512823844962128987e+02
4.974511226514114242e+02 4.528900896102850311e+02
5.823615855915847987e+02 4.544796727163604828e+02
6.669400298342818587e+02 4.560664304309451609e+02
7.511841586059309748e+02 4.576563778544449406e+02
8.350840578098168407e+02 4.592492795029789932e+02
9.186277965263640226e+02 4.608411152271731908e+02
1.001804841718268108e+03 4.624260413581046123e+02
1.084607767324212091e+03 4.639979011042447610e+02
1.167032682195281723e+03 4.655513325961120472e+02
1.249078970361370466e+03 4.670821647847025133e+02
1.330747390560605481e+03 4.685892441532473640e+02
1.412039968234302250e+03 4.700725004317266666e+02
1.492957834704063089e+03 4.715342071974000646e+02
1.573500252732120771e+03 4.729783021241499910e+02
1.653663845929077979e+03 4.744098446307704080e+02
1.733442399040152168e+03 4.758342923849941144e+02
1.812827381779582993e+03 4.772566160508595203e+02
1.891809329847930485e+03 4.786802695246213943e+02
