4.101817365743420396e+02 1.985675369074087030e+03
5.133094020676065838e+02 1.980587161803277468e+03
6.159018479352719169e+02 1.975467080118059130e+03
7.179439644679812318e+02 1.970320989710643062e+03
8.194239646013356833e+02 1.965152851983251821e+03
9.203321179458353072e+02 1.959965330875622385e+03
1.020659914814718263e+03 1.954760264533383179e+03
1.120399558447336176e+03 1.949539019361526471e+03
1.219543697285386997e+03 1.944302742201984074e+03
1.318085321352633855e+03 1.939052524735700899e+03
1.416017808013168178e+03 1.933789574850301506e+03
1.513334765498840852e+03 1.928514915923837179e+03
1.610030353542726971e+03 1.923229844042982222e+03
1.706099092362796910e+03 1.917935532896918858e+03
1.801535826186861868e+03 1.912633003405916043e+03
1.896335540733442258e+03 1.907322983516699651e+03
1.990493058318624207e+03 1.902005744362289079e+03
2.084002594076645437e+03 1.896680918303367207e+03
2.176857160866620234e+03 1.891347303711679160e+03
4.072507633456533540e+02 1.888434202225370882e+03
5.108466069414437243e+02 1.883591333422794150e+03
6.138981257686212984e+02 1.878723209461430542e+03
7.163917887956664572e+02 1.873834260629135088e+03
8.183168926563439527e+02 1.868927363154866953e+03
9.196643832051788650e+02 1.864004374415967732e+03
1.020426104489419231e+03 1.859066545477372529e+03
1.120594371738474820e+03 1.854114827170528088e+03
1.220161778955642149e+03 1.849150084230731181e+03
1.319121164170764359e+03 1.844173230480115990e+03
1.417465666523763957e+03 1.839185296656398805e+03
1.515188819231985008e+03 1.834187441232214269e+03
1.612284690896574830e+03 1.829180992323882492e+03
1.708747684635114638e+03 1.824167058341343591e+03
1.804572824327558237e+03 1.819146884245897581e+03
1.899755373217981287e+03 1.814121408986990900e+03
1.994290595021718673e+03 1.809091186730696336e+03
2.088173314592380848e+03 1.804056216488428163e+03
2.181397319461562347e+03 1.799015760892325488e+03
4.043460998832871383e+02 1.790287789146500472e+03
5.084063426274287849e+02 1.785699637791639361e+03
6.119142984180555231e+02 1.781091667535228680e+03
7.148577310365333233e+02 1.776467167122767250e+03
8.172267921878160450e+02 1.771828174323460644e+03
9.190129213091406655e+02 1.767175941906805747e+03
1.020208171267979083e+03 1.762511293721295260e+03
1.120804854812644180e+03 1.757834885685162135e+03
1.220795420964952882e+03 1.753147384933799003e+03
1.320172483314693181e+03 1.748449578950914656e+03
1.418928933542924824e+03 1.743742425228048205e+03
1.517058083604467583e+03 1.739027050837987645e+03
1.614553788965837839e+03 1.734304710261115360e+03
1.711410576465738359e+03 1.729576782658003367e+03
1.807623371731891893e+03 1.724844375209894679e+03
1.903187714053083027e+03 1.720108631210770454e+03
1.998099240235347224e+03 1.715370299659934517e+03
2.092353303707690429e+03 1.710629650685443266e+03
2.185944370047348002e+03 1.705886311235072753e+03
4.014656441022788158e+02 1.691241079253946054e+03
5.059874099437485029e+02 1.686915539071823332e+03
6.099498355253280124e+02 1.682574714359520385e+03
7.133417266297351489e+02 1.678221010338214910e+03
8.161538930825541911e+02 1.673855841654949927e+03
9.183781168771597549e+02 1.669480031120986951e+03
1.020006545811112915e+03 1.665094111648571243e+03
1.121031405607223405e+03 1.660698544731309084e+03
1.221444938180115969e+03 1.656293867380029951e+03
1.321239486793105243e+03 1.651880778129752343e+03
1.420407660488608599e+03 1.647460171562182495e+03
1.518942520512273859e+03 1.643033129731102235e+03
1.616837740617475447e+03 1.638600877925048280e+03
1.714087701251865838e+03 1.634164711343372346e+03
1.810687551958242693e+03 1.629725967701395348e+03
1.906632819829312666e+03 1.625285638516847484e+03
2.001919514627260924e+03 1.620844647431166322e+03
2.096543441824430374e+03 1.616403443380539557e+03
2.190499649872033842e+03 1.611961922589780443e+03
3.986084860724221244e+02 1.591297234759138064e+03
5.035895915784809631e+02 1.587241091412962078e+03
6.080050032309382004e+02 1.583173530853311604e+03
7.118443437718033238e+02 1.579096297319464384e+03
8.150989129633038601e+02 1.575010367089374085e+03
9.177607133628661131e+02 1.570916281522234613e+03
1.019821902484614839e+03 1.566814396774503166e+03
1.121274562265230088e+03 1.562705061996909080e+03
1.222110691822144190e+03 1.558588736527576202e+03
1.322322342908060136e+03 1.554466055429282051e+03
1.421901829391637193e+03 1.550337851666068673e+03
1.520841952679101269e+03 1.546205142265753466e+03
1.619136194371245438e+03 1.542069084961014141e+03
1.716778835747956009e+03 1.537930911034090286e+03
1.813764970999751313e+03 1.533791839400773597e+03
1.910090459078224740e+03 1.529653041401994415e+03
2.005751371973581172e+03 1.525515272800151706e+03
2.100743957979238075e+03 1.521379137657997489e+03
2.195063752954959455e+03 1.517244714431718421e+03
3.957746273829818620e+02 1.490458445424870888e+03
5.012134011667022833e+02 1.486677708475178861e+03
6.060806447354050306e+02 1.482888947164781712e+03
7.103665966531640379e+02 1.479093431849832996e+03
8.140629037714106744e+02 1.475291855116227225e+03
9.171616931870036069e+02 1.471484600160009904e+03
1.019655072827024014e+03 1.467671939753891820e+03
1.121534949344055804e+03 1.463854175990181375e+03
1.222793067480749642e+03 1.460031729848500163e+03
1.323421188830333676e+03 1.456205188607275886e+03
1.423411340150519663e+03 1.452375318191252973e+03
1.522756072236620184e+03 1.448543046713783724e+03
1.621448679966259760e+03 1.444709424724067730e+03
1.719483342620379517e+03 1.440875566997890928e+03
1.816855151079004372e+03 1.437042580108656693e+03
1.913559995089981385e+03 1.433211479476957720e+03
2.009594365919610937e+03 1.429383160356226654e+03
2.104954608805841417e+03 1.425558061046065177e+03
2.199636718145469786e+03 1.421736424841978533e+03
3.929647199547541732e+02 1.388726545545026966e+03
4.988598487845956697e+02 1.385226733522304585e+03
6.041779746344914201e+02 1.381721970864653485e+03
7.089097701416361588e+02 1.378213205319943881e+03
8.130471077215682953e+02 1.374700970540164690e+03
9.165821653621222822e+02 1.371185590259095534e+03
1.019506964771579305e+03 1.367667327472117677e+03
1.121813228137310034e+03 1.364146487104363587e+03
1.223492455655188451e+03 1.360623479672192161e+03
1.324536140131102911e+03 1.357098852560637397e+03
1.424936047510449271e+03 1.353573294747019872e+03
1.524684503319932674e+03 1.350047620090048440e+03
1.623774634854179567e+03 1.346522733667015473e+03
1.722200527639581651e+03 1.342999585071971296e+03
1.819957262379381518e+03 1.339479112078846356e+03
1.917040805335421737e+03 1.335962177619396925e+03
2.013447731031094236e+03 1.332449502621301235e+03
2.109174843044007957e+03 1.328941654599289677e+03
2.204218200118746608e+03 1.325438750557094181e+03
3.901798317599550501e+02 1.286103445907582454e+03
4.965302292194238589e+02 1.282889822020143583e+03
6.022983923608354644e+02 1.279674126251540656e+03
7.074752602854464385e+02 1.276457098312912422e+03
8.120528260998715950e+02 1.273239207488976717e+03
9.160232632303575429e+02 1.270020792425447326e+03
1.019378489438831821e+03 1.266802160911419605e+03
1.122110052160294799e+03 1.263583656343769690e+03
1.224209235139919429e+03 1.260365696751326368e+03
1.325667300885356326e+03 1.257148791531222969e+03
1.426475796348350514e+03 1.253933540400655147e+03
1.526626860676277829e+03 1.250720618487070624e+03
1.626113483979768716e+03 1.247510750962041129e+03
1.724929674984172834e+03 1.244304680162700151e+03
1.823070503294335140e+03 1.241103127734179225e+03
1.920531988916102819e+03 1.237906753961890900e+03
2.017310817745410532e+03 1.234716116139220958e+03
2.113403946188082955e+03 1.231531679214495853e+03
2.208807617307406872e+03 1.228353572611776826e+03
3.874212480260043776e+02 1.182591400432411774e+03
4.942259403187666749e+02 1.179669155375572700e+03
6.004433208490136167e+02 1.176747622508793256e+03
7.060644356429330628e+02 1.173827409896930931e+03
8.110813048701560319e+02 1.170908986040190030e+03
9.154860552967379590e+02 1.167992754355876968e+03
1.019270497552203551e+03 1.165079103306569550e+03
1.122426028967056027e+03 1.162168436958629400e+03
1.224943759578557774e+03 1.159261190129624083e+03
1.326814773860480500e+03 1.156357831725760207e+03
1.428030453996998631e+03 1.153458859374205076e+03
1.528582802264779957e+03 1.150564788014290116e+03
1.628464710467387249e+03 1.147676134720579739e+03
1.727670133524419498e+03 1.144793401684628407e+03
1.826194132383027863e+03 1.141917058976484213e+03
1.924032758507634753e+03 1.139047528437358551e+03
2.021182758419801303e+03 1.136185169817752467e+03
2.117641082198446384e+03 1.133330270067141782e+03
2.213404269875637510e+03 1.130483085032047484e+03
3.846903177529477489e+02 1.078193135349974455e+03
4.919483397830073272e+02 1.075567512355238250e+03
5.986140774210865629e+02 1.072945376106635877e+03
7.046785251569402817e+02 1.070327239042286010e+03
8.101336416055411291e+02 1.067713600061756324e+03
9.149714725428394786e+02 1.065104951968695559e+03
1.019183727790070066e+03 1.062501780961120858e+03
1.122761689594806512e+03 1.059904560936249709e+03
1.225696347510897112e+03 1.057313744948465455e+03
1.327978670184555313e+03 1.054729755781118683e+03
1.429599938107747448e+03 1.052152977260139551e+03
1.530552073482089554e+03 1.049583747645293442e+03
1.630827914009453707e+03 1.047022356179073086e+03
1.730421386836826059e+03 1.044469043649811965e+03
1.829327547166003797e+03 1.041924007631179620e+03
1.927542453313910528e+03 1.039387412891559279e+03
2.025062856385200575e+03 1.036859407321082017e+03
2.121885688293214571e+03 1.034340143598698432e+03
2.218007336725982896e+03 1.031829806714258893e+03
3.819883567818403662e+02 9.729118783840932565e+02
4.896986499549237806e+02 9.705882340008744222e+02
5.968117848759685558e+02 9.682709218288415514e+02
7.033185390874535869e+02 9.659603512966062908e+02
8.092107188785887502e+02 9.636570483327604961e+02
9.144802560536388683e+02 9.613615931174689422e+02
1.019118769677090313e+03 9.590745671341801426e+02
1.123117467070515431e+03 9.567965101464873214e+02
1.226467276234589008e+03 9.545278875081445449e+02
1.329159117750628411e+03 9.522690680286161751e+02
1.431184238284614139e+03 9.500203124587703769e+02
1.532534540259351616e+03 9.477817725281323646e+02
1.633202853246183167e+03 9.455535003535895839e+02
1.733183102309635615e+03 9.433354679469762232e+02
1.832470337054794982e+03 9.411275964731771637e+02
1.931060592603065743e+03 9.389297948491939678e+02
2.028950560269790458e+03 9.367420072261156747e+02
2.126137051438277467e+03 9.345642688584546249e+02
2.222616243110049254e+03 9.323967698373377289e+02
3.793166202305162642e+02 8.667513366247804925e+02
4.874779214940385828e+02 8.647351287077815414e+02
5.950373318704447456e+02 8.627282573091063114e+02
7.019852304057299079e+02 8.607309740419011632e+02
8.083131699315893002e+02 8.587437909091672736e+02
9.140129292889114367e+02 8.567673446820222125e+02
1.019076043937358463e+03 8.548022887945625143e+02
1.123493685565577834e+03 8.528492111016945501e+02
1.227256779794434351e+03 8.509085758558519501e+02
1.330356267453073770e+03 8.489806882790510372e+02
1.432783429418188007e+03 8.470656801362649730e+02
1.534530207834326347e+03 8.451635147529873393e+02
1.635589467853116048e+03 8.432740099626169012e+02
1.735955154000722587e+03 8.413968775166458727e+02
1.835622304049494460e+03 8.395317775414554262e+02
1.934586890961049903e+03 8.376783866788812247e+02
2.032845470200873478e+03 8.358364786027493665e+02
2.130394615603744569e+03 8.340060156596501884e+02
2.227230132089347990e+03 8.321872504387101799e+02
3.766763588831280458e+02 7.597156848549174128e+02
4.852870683172928921e+02 7.580123767753528909e+02
5.932913929155067763e+02 7.563216782026485134e+02
7.006791050473453879e+02 7.546435755265117677e+02
8.074413832159284539e+02 7.529784842273027152e+02
9.135697998848502266e+02 7.513270350435150249e+02
1.019055803585517651e+03 7.496899069617745681e+02
1.123890561948536515e+03 7.480677029469361514e+02
1.228065051397074058e+03 7.464608645827195232e+02
1.331570296167120887e+03 7.448696220349847863e+02
1.434397674301463667e+03 7.432939759800849515e+02
1.536539221502510372e+03 7.417337083597846004e+02
1.637987875406445482e+03 7.401884190321150072e+02
1.738737613122685616e+03 7.386575855844021135e+02
1.838783443917454861e+03 7.371406437608081887e+02
1.938121226843125214e+03 7.356370861323725876e+02
2.036747290046834678e+03 7.341465768030516301e+02
2.134657834541829288e+03 7.326690801010211089e+02
2.231848110490654562e+03 7.312050013509286828e+02
3.740689761020918240e+02 6.518096412865988896e+02
4.831269878594176816e+02 6.504245084234685237e+02
5.915745196933571606e+02 6.490556753345549623e+02
6.994004905316375016e+02 6.477026966475086738e+02
8.065955532447885616e+02 6.463657618194313272e+02
9.131509964874919660e+02 6.450453969618284873e+02
1.019058159422534345e+03 6.437422340227549284e+02
1.124308221663868153e+03 6.424568406501925892e+02
1.228892250526056841e+03 6.411896045750336270e+02
1.332801405169548616e+03 6.399406668311335125e+02
1.436027212716082204e+03 6.387098985757108949e+02
1.538561845085806453e+03 6.374969166877471025e+02
1.640398337367252225e+03 6.363011337068359126e+02
1.741530699144897426e+03 6.351218380318944128e+02
1.841953879531729854e+03 6.339583006299963017e+02
1.941663554825775464e+03 6.328099048119827330e+02
2.040655714855810174e+03 6.316762959150471488e+02
2.138926030315505159e+03 6.305575479947140138e+02
2.236468988808471295e+03 6.294543448709987388e+02
3.714963040491765014e+02 5.430387252609027655e+02
4.809987825757438031e+02 5.419765462776886125e+02
5.898873169439099229e+02 5.409349816298065434e+02
6.981496736934907403e+02 5.399129204168718843e+02
8.057757861559446155e+02 5.389101430052263595e+02
9.127565468034790683e+02 5.379269309291439640e+02
1.019083134034092950e+03 5.369637660673585060e+02
1.124746731057883608e+03 5.360211096445701742e+02
1.229738515000311963e+03 5.350992524030763207e+02
1.334049812453790992e+03 5.341982280239807324e+02
1.437672333730911305e+03 5.333177825546601980e+02
1.540598412219089369e+03 5.324573932232248126e+02
1.642821187705116927e+03 5.316163305952723022e+02
1.744334683507621548e+03 5.307937585568402028e+02
1.845133736887015175e+03 5.299888670933814865e+02
1.945213750641529714e+03 5.292010332809933288e+02
2.044570241175042156e+03 5.284300063159637375e+02
2.143198164755104244e+03 5.276761127847768194e+02
2.241091009273145573e+03 5.269404787216385557e+02
3.689610204824485891e+02 4.334098117974307343e+02
4.789041006987332594e+02 4.326744229762649638e+02
5.882307178924716027e+02 4.319648756464156349e+02
6.969271196540685196e+02 4.312790824731079056e+02
8.049822694413677482e+02 4.306161698052964084e+02
9.123865038125841238e+02 4.299759864492802990e+02
1.019130748865368332e+03 4.293587251910074656e+02
1.125206148481936907e+03 4.287646446436820042e+02
1.230603978176567125e+03 4.281938800954407043e+02
1.335315737112262013e+03 4.276463330406716068e+02
1.439333327449126955e+03 4.271216300046114611e+02
1.542649244835379704e+03 4.266191421201885987e+02
1.645256716758701714e+03 4.261380576944791301e+02
1.747149736826832623e+03 4.256775007149601606e+02
1.848322953009618004e+03 4.252366888980477597e+02
1.948771376601330758e+03 4.248151254789274844e+02
2.048489886287930403e+03 4.244128194868912942e+02
2.147472508351057058e+03 4.240305297484054563e+02
2.245711459818335243e+03 4.236700283148782091e+02
3.664672301662790233e+02 3.229321213165517293e+02
4.768456165910456548e+02 3.225258071991767110e+02
5.866063761117985678e+02 3.221518704462205278e+02
6.957337856950993000e+02 3.218068472304750003e+02
8.042155164790576691e+02 3.214888929186413407e+02
9.120411279279878727e+02 3.211971786977215970e+02
1.019201149470638370e+03 3.209314261693227763e+02
1.125686596729541634e+03 3.206915642972400065e+02
1.231488791441385274e+03 3.204774945178135113e+02
1.336599373638163570e+03 3.202889511269842160e+02
1.441010411868012852e+03 3.201254452517572417e+02
1.544714532420120349e+03 3.199862818054967875e+02
1.647705001894309362e+03 3.198706398239821738e+02
1.749975709216505720e+03 3.197777074899786385e+02
1.851521003520972044e+03 3.197068639850916725e+02
1.952335353356258565e+03 3.196579010653994146e+02
2.052412800565625275e+03 3.196312779478333823e+02
2.151746189071353911e+03 3.196284037231561115e+02
2.250326154769393725e+03 3.196519420838562837e+02
3.640212380241922574e+02 2.116188098128983484e+02
4.748276736387042547e+02 2.115414974635571070e+02
5.850171928532023458e+02 2.115049417332194253e+02
6.945715454133037383e+02 2.115037986626914517e+02
8.034766978123027457e+02 2.115348512741718423e+02
9.117211338228753448e+02 2.115962809994283589e+02
1.019294774614467087e+03 2.116871042525008306e+02
1.126188359608954215e+03 2.118067551012413787e+02
1.232393152069339976e+03 2.119547967675665632e+02
1.337900853633444967e+03 2.121307463092805392e+02
1.442703629869828092e+03 2.123339983185530855e+02
1.546794164693760422e+03 2.125638348247731528e+02
1.650165675360484556e+03 2.128195098229094810e+02
1.752811831953021283e+03 2.131003979723317343e+02
1.854726535984440261e+03 2.134061980343088862e+02
1.955903522103588784e+03 2.137371825474425577e+02
2.056335755075979705e+03 2.140944860869421973e+02
2.156014601340109039e+03 2.144804252230920838e+02
2.254928760632074955e+03 2.148988439932707024e+02
3.616325446137627750e+02 9.948935569896491415e+01
4.728571155267283075e+02 9.973757291958543192e+01
5.834680012661498267e+02 1.000374780992711976e+02
6.934437404358027379e+02 1.003812227140753066e+02
8.027680725760030782e+02 1.007637168098875691e+02
9.114280116746851945e+02 1.011817599094514435e+02
1.019412575538108740e+03 1.016333664326299413e+02
1.126712005717524562e+03 1.021172628895076286e+02
1.233317336438202119e+03 1.026325362607849456e+02
1.339220191993464368e+03 1.031784149464367601e+02
1.444412710633870347e+03 1.037541654568348122e+02
1.548887509358376747e+03 1.043590896544351381e+02
1.652637618433395573e+03 1.049926088417053052e+02
1.755656327137493236e+03 1.056544223442471093e+02
1.857936893343916381e+03 1.063447294683663813e+02
1.959472079280656544e+03 1.070645048299799100e+02
2.060253484302020297e+03 1.078158180664823931e+02
2.160270652904062899e+03 1.086021898639374967e+02
2.259509942642139777e+03 1.094289770670624193e+02
4.011183382601757330e+02 1.882932313595389587e+03
4.989414805228919931e+02 1.878399338636700122e+03
5.962857716639180126e+02 1.873856828510604828e+03
6.931415112005146284e+02 1.869308408422751199e+03
7.895013511502593246e+02 1.864756390221446509e+03
8.853593416567518943e+02 1.860202190150163005e+03
9.807102965451359751e+02 1.855646657574048731e+03
1.075549407188372470e+03 1.851090325919346924e+03
1.169872042292111246e+03 1.846533595879864606e+03
1.263673679423846352e+03 1.841976859874613410e+03
1.356949921423138221e+03 1.837420575775532143e+03
1.449696557327092705e+03 1.832865297054646362e+03
1.541909633213731013e+03 1.828311665717696087e+03
1.633585503482219792e+03 1.823760373688259961e+03
1.724720837622850013e+03 1.819212097675629366e+03
1.815312561544248638e+03 1.814667411994345457e+03
1.905357716077490750e+03 1.810126683297374257e+03
1.994853218417943481e+03 1.805589950732654870e+03
2.083795515041902490e+03 1.801056794628962052e+03
3.983314654214468646e+02 1.790046170178201010e+03
4.965556793339155774e+02 1.785740181645289113e+03
5.942944058098084952e+02 1.781428824315155452e+03
6.915390551653055127e+02 1.777114793819644092e+03
7.882830498426316126e+02 1.772799709628128767e+03
8.845209257954927580e+02 1.768484481491925180e+03
9.802477527417810279e+02 1.764169595784206649e+03
1.075458800637533159e+03 1.759855332034868297e+03
1.170149389147732563e+03 1.755541918859511497e+03
1.264314865274983049e+03 1.751229637489317611e+03
1.357950661761894708e+03 1.746918880214303044e+03
1.451052395503352045e+03 1.742610170247930910e+03
1.543615971077976383e+03 1.738304148798036749e+03
1.635637659713345329e+03 1.734001534480269584e+03
1.727114128608692681e+03 1.729703059628866413e+03
1.818042399616814691e+03 1.725409387539265481e+03
1.908419719892403236e+03 1.721121014212114005e+03
1.998243330299773788e+03 1.716838157753175437e+03
2.087510120186441327e+03 1.712560638213720722e+03
3.955681076126639937e+02 1.696391877717098851e+03
4.941912966725848264e+02 1.692319377004710987e+03
5.923231074904156230e+02 1.688244904712807283e+03
6.899558633156934775e+02 1.684170426876538613e+03
7.870836006071256179e+02 1.680097039718851647e+03
8.837012191971250559e+02 1.676025286217219218e+03
9.798039510363271347e+02 1.671955401660819462e+03
1.075387073746796887e+03 1.667887497521900286e+03
1.170445804840736855e+03 1.663821691954222388e+03
1.264975321024945515e+03 1.659758194320760140e+03
1.358970854619080228e+03 1.655697350333402028e+03
1.452427825867202500e+03 1.651639653651103345e+03
1.545341975907182587e+03 1.647585729122237808e+03
1.637709470463173602e+03 1.643536292264883741e+03
1.729526949016394383e+03 1.639492089049026617e+03
1.820791498355995145e+03 1.635453819571344411e+03
1.911500533074992290e+03 1.631422048790887857e+03
2.001651568810596928e+03 1.627397107117646101e+03
2.091241876882486395e+03 1.623378983311089542e+03
3.928273861197947099e+02 1.601971382893611462e+03
4.918480576014421786e+02 1.598137964170427040e+03
5.903720436876368467e+02 1.594305384119310020e+03
6.883924027833600121e+02 1.590475052904479526e+03
7.859036496336691471e+02 1.586647689849228755e+03
8.829009468520525843e+02 1.582823591248476532e+03
9.793796155769090319e+02 1.579002836473771140e+03
1.075334890253681124e+03 1.575185440679083513e+03
1.170761852387415956e+03 1.571371461499345969e+03
1.265655486863193573e+03 1.567561066309357329e+03
1.360010812202603120e+03 1.563754565870039869e+03
1.453823043015793246e+03 1.559952419524595598e+03
1.547087749013521261e+03 1.556155216511835079e+03
1.639800980346521101e+03 1.552363637431471034e+03
1.731959333816652816e+03 1.548578399420470078e+03
1.823559938724705262e+03 1.544800188175300264e+03
1.914600344845559903e+03 1.541029579577048253e+03
2.005078298308608737e+03 1.537266953340294094e+03
2.094991394060052244e+03 1.533512400808179109e+03
3.901091702251850393e+02 1.506785686492024070e+03
4.895262946650670983e+02 1.503196294365523272e+03
5.884418681608882480e+02 1.499610115610661296e+03
6.868495238473250311e+02 1.496028152129282716e+03
7.847441372569705891e+02 1.492450870316055443e+03
8.821210513191610971e+02 1.488878420899841331e+03
9.789756219357684586e+02 1.485310806624036559e+03
1.075303007786233820e+03 1.481748005015078434e+03
1.171098138094090473e+03 1.478190052672032834e+03
1.266355801041179575e+03 1.474637096777094939e+03
1.361070803460155730e+03 1.471089418869391466e+03
1.455238159476643204e+03 1.467547435335766295e+03
1.548853272005532745e+03 1.464011678545803306e+03
1.641912076518564163e+03 1.460482762088355230e+03
1.734411121371188756e+03 1.456961333147860842e+03
1.826347563276912297e+03 1.453448014685835915e+03
1.917719060310978421e+03 1.449943339761503239e+03
2.008523548169887817e+03 1.446447680031473055e+03
2.098758888360631772e+03 1.442961170207815940e+03
3.874138752986946201e+02 1.410835324485079582e+03
4.872267656103022091e+02 1.407494476981534945e+03
5.865335601327783479e+02 1.404158906186313743e+03
6.853283205313797453e+02 1.400829327090394372e+03
7.836061810618550680e+02 1.397506054927340756e+03
8.813625986202025615e+02 1.394189177448829014e+03
9.785929257897952311e+02 1.390878684871646101e+03
1.075292229070011444e+03 1.387574563638190057e+03
1.171455284797814784e+03 1.384276859422242978e+03
1.267076694441939253e+03 1.380985714175332760e+03
1.362151069078907312e+03 1.377701381439464740e+03
1.456673240060523085e+03 1.374424223643213281e+03
1.550638459252920029e+03 1.371154694644279743e+03
1.644042557857729207e+03 1.367893310377402486e+03
1.736882037797622615e+03 1.364640610107080420e+03
1.829154074034880068e+03 1.361397110465524747e+03
1.920856410058674101e+03 1.358163254173504356e+03
2.011987132183903668e+03 1.354939355091559491e+03
2.102544311304824987e+03 1.351725541028080443e+03
3.847422808676963086e+02 1.314120714095929316e+03
4.849504881981407607e+02 1.311032689594993371e+03
5.846482774725977833e+02 1.307951794924758815e+03
6.838300033525000572e+02 1.304878552795735686e+03
7.824909689979024279e+02 1.301813206733733978e+03
8.806266921691235439e+02 1.298755845775882790e+03
9.782324977947189382e+02 1.295706497002642209e+03
1.075303357589415100e+03 1.292665190887798872e+03
1.171833907895953189e+03 1.289632003850654655e+03
1.267818586321224984e+03 1.286607081860545577e+03
1.363251836064210238e+03 1.283590648467342817e+03
1.458128334204309340e+03 1.280583000207243231e+03
1.552443206736216098e+03 1.277584491955837620e+03
1.646192198894428657e+03 1.274595514465511314e+03
1.739371774390814608e+03 1.271616466027526485e+03
1.831979121667988920e+03 1.268647719936629528e+03
1.924012049217833919e+03 1.265689589204349204e+03
2.015468755489480827e+03 1.262742289762945575e+03
2.106347461969282449e+03 1.259805903222333427e+03
3.820953741014479874e+02 1.216642378627430617e+03
4.826985967840427065e+02 1.213811364723852421e+03
5.827872283465738974e+02 1.210989206579529764e+03
6.823557875265581742e+02 1.208176301688553167e+03
7.813996651870127153e+02 1.205372878563157201e+03
8.799143968324235630e+02 1.202579073371618506e+03
9.778952661923025289e+02 1.199794984959717567e+03
1.075337158712854261e+03 1.197020712019457278e+03
1.172234594667466354e+03 1.194256375690484674e+03
1.268581881236362733e+03 1.191502130454188091e+03
1.364373331443806592e+03 1.188758165802574695e+03
1.459603505394830790e+03 1.186024700829049380e+03
1.554267435928657505e+03 1.183301973591817841e+03
1.648360806698809938e+03 1.180590226838904982e+03
1.741880055887099388e+03 1.177889691453082150e+03
1.834822383338414966e+03 1.175200568772139604e+03
1.927185642935836768e+03 1.172523012761873133e+03
2.018968105584274326e+03 1.169857112863247949e+03
2.110168081291970793e+03 1.167202878198936332e+03
3.794742248960739062e+02 1.118401069635188605e+03
4.804722259852937896e+02 1.115831271077036718e+03
5.809515658438025412e+02 1.113271997649929517e+03
6.809068003819918431e+02 1.110723559838102801e+03
7.803333314619110297e+02 1.108186204237372976e+03
8.792266754861873324e+02 1.105660141140289625e+03
9.775820688792271085e+02 1.103145561491904118e+03
1.075394327404466594e+03 1.100642645697447051e+03
1.172657887429619450e+03 1.098151566412078182e+03
1.269366967150799837e+03 1.095672487132751712e+03
1.365515794549716247e+03 1.093205558139024788e+03
1.461098856606980917e+03 1.090750911089351348e+03
1.556111131138765359e+03 1.088308653368719888e+03
1.650548268662804503e+03 1.085878863099077307e+03
1.744406697022803883e+03 1.083461585563120252e+03
1.837683626188356357e+03 1.081056831651978882e+03
1.930376934773204994e+03 1.078664578825821536e+03
2.022484923443269963e+03 1.076284774971286197e+03
2.114005923575534780e+03 1.073917345448953938e+03
3.768798995918673427e+02 1.019397810595218289e+03
4.782724274763481844e+02 1.017093512443148938e+03
5.791423106937654666e+02 1.014801417187045104e+03
6.794840122309080925e+02 1.012521755839774642e+03
7.792928680706744444e+02 1.010254801283654956e+03
8.785643407365500934e+02 1.008000845235313932e+03
9.772936168767519121e+02 1.005760176070178659e+03
1.075475463769494809e+03 1.003533058634892427e+03
1.173104271116441396e+03 1.001319716960144547e+03
1.270174214666999205e+03 9.991203205990226479e+02
1.366679487220108967e+03 9.969349751539085673e+02
1.462614550508031471e+03 9.947637174152450825e+02
1.557974368492023814e+03 9.926065154156179915e+02
1.652754588795391328e+03 9.904632736001842659e+02
1.746951644457937164e+03 9.883338432273919807e+02
1.840562753000813245e+03 9.862180380403667641e+02
1.933585794017223179e+03 9.841156551875072864e+02
2.026019050219674000e+03 9.820265013192731658e+02
2.117860800138672857e+03 9.799504237455010980e+02
3.743134213060254751e+02 9.196338926976900439e+02
4.761001267652644628e+02 9.175994736339341671e+02
5.773603078732066933e+02 9.155790106712776151e+02
6.780881955066626006e+02 9.135726298080593324e+02
7.782789774269006102e+02 9.115806116894598290e+02
8.779280248064576426e+02 9.096033157482345359e+02
9.770304713738594273e+02 9.076411172651262405e+02
1.075581057816956445e+03 9.056943570465410858e+02
1.173574165909527892e+03 9.037633033454563929e+02
1.271003977296689527e+03 9.018481255948627222e+02
1.367864701135910309e+03 8.999488794792254112e+02
1.464150822972081869e+03 8.980655028366364832e+02
1.559857334444825483e+03 8.961978218609439182e+02
1.654979909790322836e+03 8.943455670576486227e+02
1.749515000704411477e+03 8.925083983985884970e+02
1.843459826064805384e+03 8.906859391171780089e+02
1.936812237345693347e+03 8.888778175873143255e+02
2.029570444367151140e+03 8.870837167341232998e+02
2.121732589366995853e+03 8.853034304327852624e+02
3.717757859334678869e+02 8.191108609173845707e+02
4.739561277167609887e+02 8.173507501725862312e+02
5.756062236653758646e+02 8.156065023468459003e+02
6.767199176041000328e+02 8.138780766877621318e+02
7.772921552824387845e+02 8.121657138996769163e+02
8.773181709665026347e+02 8.104698045494976668e+02
9.767930367758690409e+02 8.087907830997044130e+02
1.075711484973000097e+03 8.071290457497739226e+02
1.174067925597576959e+03 8.054848903495316108e+02
1.271856592624314317e+03 8.038584767306520007e+02
1.369071761359209631e+03 8.022498058846905451e+02
1.465707988210529038e+03 8.006587164970335380e+02
1.561760331399060078e+03 7.990848974253594861e+02
1.657224517717389745e+03 7.975279147881561812e+02
1.752097026209542037e+03 7.959872524031713965e+02
1.846375064709524622e+03 7.944623643870869500e+02
1.940056419630506298e+03 7.929527387960110900e+02
2.033139163307369927e+03 7.914579712514450875e+02
2.125621206628427899e+03 7.899778475581115345e+02
3.692680440697249651e+02 7.178305372193973426e+02
4.718411736114544510e+02 7.163491068415280552e+02
5.738805905926996047e+02 7.148856995619033796e+02
6.753795735609575104e+02 7.134400060311695597e+02
7.763327142554633156e+02 7.120121469564393237e+02
8.767350503054709634e+02 7.106024820757211273e+02
9.765815724780610481e+02 7.092114581989267208e+02
1.075867014042530400e+03 7.078394928860298023e+02
1.174585842388168658e+03 7.064868905796754461e+02
1.272732384155298860e+03 7.051537882409847953e+02
1.370301024970191065e+03 7.038401277539185230e+02
1.467286433552596236e+03 7.025456525658483997e+02
1.563683767616645582e+03 7.012699262205476316e+02
1.659488825725773268e+03 7.000123706151271108e+02
1.754698115193071999e+03 6.987723219752360819e+02
1.849308811332560936e+03 6.975491026936122125e+02
1.943318587947342166e+03 6.963421073165377493e+02
2.036725302961877787e+03 6.951509010915058298e+02
2.129526526634139827e+03 6.939753296081044027e+02
3.667914604578597846e+02 6.157951378249582604e+02
4.697560746791162956e+02 6.145965199430268058e+02
5.721839086051711547e+02 6.134184720988371282e+02
6.740674655046573207e+02 6.122602695451118962e+02
7.754008452674436285e+02 6.111217965796340650e+02
8.761788081016175056e+02 6.100032915182457600e+02
9.763962264025055902e+02 6.089051449990211040e+02
1.076047829496548957e+03 6.078277464736916045e+02
1.175128158943549124e+03 6.067713741649890835e+02
1.273631663563919574e+03 6.057361241590288046e+02
1.371552873503278988e+03 6.047218746620644652e+02
1.468886601600137510e+03 6.037282817827629060e+02
1.565628128214536218e+03 6.027548035063196039e+02
1.661773332624761224e+03 6.018007488070247746e+02
1.757318740212170496e+03 6.008653491028883309e+02
1.852261460026677469e+03 5.999478494912830229e+02
1.946598992043499493e+03 5.990476174197650607e+02
2.040328887562458021e+03 5.981642666427787844e+02
2.133448249833111731e+03 5.972977944942261956e+02
3.643477640725237734e+02 5.130075530785225055e+02
4.677019133300897238e+02 5.120953693639434050e+02
5.705168119825344775e+02 5.112068703669874594e+02
6.727839366670298205e+02 5.103407182754189080e+02
7.744967231352341059e+02 5.094964032499810855e+02
8.756495445735389467e+02 5.086739188543763248e+02
9.762370936891969677e+02 5.078735060093234779e+02
1.076254070159564208e+03 5.070954584979415358e+02
1.175695088461276555e+03 5.063399836605831297e+02
1.274554732964233381e+03 5.056071124778578678e+02
1.372827697658228089e+03 5.048966537543992672e+02
1.470508957128490920e+03 5.042081875861939579e+02
1.567593923546412270e+03 5.035410937241244937e+02
1.664078551615973993e+03 5.028946108387234517e+02
1.759959359725573904e+03 5.022679230487682389e+02
1.855233341098297387e+03 5.016602704019309158e+02
1.949897743600434296e+03 5.010710802917022875e+02
2.043949701137933062e+03 5.005001170636460301e+02
2.137385703314752391e+03 4.999476473078927938e+02
3.619395036466044075e+02 4.094718718394583448e+02
4.656803397485980440e+02 4.088488594817677040e+02
5.688803126112275095e+02 4.082534588712209143e+02
6.715295687503419231e+02 4.076834634622879321e+02
7.736206633367160066e+02 4.071377641749402301e+02
8.751474353653038634e+02 4.066159486591167251e+02
9.761043043231022693e+02 4.061179853184136164e+02
1.076485886586829338e+03 4.056439831655214903e+02
1.176286843670116696e+03 4.051940193946143154e+02
1.275501886719725007e+03 4.047680272988568504e+02
1.374125872504428344e+03 4.043657378394900661e+02
1.472153935705036019e+03 4.039866687914452541e+02
1.569581610740895258e+03 4.036301559536698278e+02
1.666404903784482030e+03 4.032954214245794446e+02
1.762620282136153946e+03 4.029816744082936566e+02
1.858224553858826084e+03 4.026882404393714978e+02
1.953214615599682929e+03 4.024147152961413667e+02
2.047587050935782372e+03 4.021611402187910471e+02
2.141337565446294320e+03 4.019281953612423877e+02
3.595705253394974079e+02 3.051942477126555104e+02
4.636939721212856966e+02 3.048617628374869355e+02
5.672761316407752474e+02 3.045619557913311155e+02
6.703054525223998326e+02 3.042914290881022907e+02
7.727733378285578283e+02 3.040482146032145465e+02
8.746728977601685528e+02 3.038312888471317592e+02
9.759981439105433765e+02 3.036401904014006732e+02
1.076743519656617309e+03 3.034747284963475522e+02
1.176903675661244279e+03 3.033347727388861585e+02
1.276473412180704599e+03 3.032201149373856879e+02
1.375447721102606010e+03 3.031303948252548253e+02
1.473821870543598152e+03 3.030650822622728811e+02
1.571591483560515144e+03 3.030235091988865861e+02
1.668752570205148913e+03 3.030049453293618171e+02
1.765301478900870507e+03 3.030087119402268172e+02
1.861234739045814422e+03 3.030343289857756872e+02
1.956548771948186413e+03 3.030816908973060890e+02
2.051239451760267457e+03 3.031512670615209117e+02
2.145301502075357348e+03 3.032443232902544423e+02
3.572465101394178646e+02 2.001840850049643450e+02
4.617469175723556418e+02 2.001415975956346074e+02
5.657071330240353291e+02 2.001382860641299430e+02
6.691135427384565446e+02 2.001693001957711431e+02
7.719560587518906232e+02 2.002314895448640755e+02
8.742268093272643910e+02 2.003229626533128567e+02
9.759192122954412980e+02 2.004426300417161428e+02
1.077027403159937421e+03 2.005898548066494413e+02
1.177545923523935471e+03 2.007641988192791587e+02
1.277469588590553712e+03 2.009652536690101670e+02
1.376793464133018460e+03 2.011925465399070845e+02
1.475512893599723839e+03 2.014455121555814685e+02
1.573623525062848785e+03 2.017235227878172736e+02
1.671121295675714464e+03 2.020259691027283679e+02
1.768002338297215374e+03 2.023523853224309050e+02
1.864262781082565425e+03 2.027026128164108059e+02
1.959898416227821144e+03 2.030769968108627381e+02
2.054904218780268366e+03 2.034766114217702579e+02
2.149273700567158812e+03 2.039035086834662707e+02
3.549760814087017025e+02 9.445657937780038083e+01
4.598452757097733183e+02 9.470030895314550889e+01
5.641778741179772396e+02 9.499217433835747215e+01
6.679571098464305123e+02 9.532498945731981621e+01
7.711711399260912003e+02 9.569408481857783499e+01
8.738107864931988615e+02 9.609638352457841393e+01
9.758686252327272541e+02 9.652992107921954812e+01
1.077338293450790161e+03 9.699343010299094203e+01
1.178214075803052538e+03 9.748603624313670934e+01
1.278490683229756314e+03 9.800705248459780705e+01
1.378163152738140980e+03 9.855586031508289580e+01
1.477226806332194428e+03 9.913186732886197206e+01
1.575677216776553905e+03 9.973453187831557898e+01
1.673510136139089127e+03 1.003634463088836810e+02
1.770721350313871199e+03 1.010184711501274251e+02
1.867306429098372519e+03 1.016999133909240527e+02
1.963260346989348363e+03 1.024087426475100528e+02
2.058576954763358117e+03 1.031468396459233645e+02
2.153248286202855525e+03 1.039172719915570724e+02
3.929587185277317758e+02 1.789826808932862150e+03
4.859659845163904492e+02 1.785768724674279838e+03
5.785428974355627361e+02 1.781715723222659335e+03
6.706834526890266943e+02 1.777670055582414989e+03
7.623833581526887428e+02 1.773633048044473071e+03
8.536392978984001729e+02 1.769605393077679537e+03
9.444484374251137524e+02 1.765587380848239718e+03
1.034808119224311440e+03 1.761579078682747422e+03
1.124715703857741119e+03 1.757580465007550629e+03
1.214168517375452439e+03 1.753591523591773239e+03
1.303163870923069453e+03 1.749612303286569841e+03
1.391699122844857584e+03 1.745642947882754015e+03
1.479771757543052217e+03 1.741683700197110511e+03
1.567379458858384851e+03 1.737734884039165536e+03
1.654520158840732847e+03 1.733796867299951600e+03
1.741192045526939182e+03 1.729870009038053013e+03
1.827393515775124797e+03 1.725954593111620397e+03
1.913123061357580355e+03 1.722050750614444041e+03
1.998379078420141468e+03 1.718158373115989889e+03
3.903056233289739794e+02 1.701006775088384302e+03
4.836607701922944216e+02 1.697157694269992135e+03
5.765805781918315915e+02 1.693316253727944968e+03
6.690598375690951798e+02 1.689484096375857007e+03
7.610948157751408871e+02 1.685662105413907739e+03
8.526825567393997289e+02 1.681850657708838298e+03
9.438204213971066565e+02 1.678049824237999474e+03
1.034505817616612831e+03 1.674259524248621801e+03
1.124736074140902247e+03 1.670479639061895796e+03
1.214508418912234220e+03 1.666710090802011109e+03
1.303820027259307608e+03 1.662950890746668392e+03
1.392668109960292668e+03 1.659202161471799172e+03
1.481050015213819279e+03 1.655464136493778597e+03
1.568963322109355886e+03 1.651737140692539242e+03
1.656405906338732393e+03 1.648021554423829457e+03
1.743375961677542364e+03 1.644317763894365271e+03
1.829871963230111305e+03 1.640626100075895465e+03
1.915892560611696581e+03 1.636946768169601000e+03
2.001436391170162096e+03 1.633279769397632208e+03
3.876743240590785717e+02 1.611526641397365893e+03
4.813763532574586179e+02 1.607891236086673871e+03
5.746385483957639053e+02 1.604265516066826649e+03
6.674563527624572998e+02 1.600650653255783254e+03
7.598264831386730975e+02 1.597047204654831148e+03
8.517462593596669649e+02 1.593455329052935667e+03
9.432131754549952802e+02 1.589874957345262374e+03
1.034224659753567721e+03 1.586305922430371311e+03
1.124777977942568896e+03 1.582748053993238045e+03
1.214870238935529187e+03 1.579201242890570029e+03
1.304498468611113822e+03 1.575665479324707121e+03
1.393659721100009847e+03 1.572140868517289391e+03
1.482351201385899230e+03 1.568627627168793424e+03
1.570570376605103775e+03 1.565126063610255187e+03
1.658315056630090339e+03 1.561636544214871037e+03
1.745583427351428554e+03 1.558159448335637990e+03
1.832374022573483217e+03 1.554695113767291332e+03
1.918685622649180914e+03 1.551243774493155342e+03
2.004517069932992626e+03 1.547805492267145382e+03
3.850645994962590066e+02 1.521386573342109386e+03
4.791129249991244023e+02 1.517968968500090114e+03
5.727172999746982214e+02 1.514562701827912861e+03
6.658736918110765828e+02 1.511168591799356591e+03
7.585791697611705331e+02 1.507786969222263679e+03
8.508312592517243047e+02 1.504417857870448643e+03
9.426275386991653704e+02 1.501061115418407553e+03
1.033965425388782933e+03 1.497716539931896477e+03
1.124842103714872110e+03 1.494383946577747793e+03
1.215254555065017257e+03 1.491063218687121434e+03
1.305199653940465851e+03 1.487754336832329955e+03
1.394674299608284400e+03 1.484457389153211352e+03
1.483675556744715095e+03 1.481172565790203862e+03
1.572200782211842125e+03 1.477900139943436898e+03
1.660247718364751563e+03 1.474640437776502040e+03
1.747814536161992237e+03 1.471393799116311357e+03
1.834899813891972826e+03 1.468160530663554255e+03
1.921502439571035666e+03 1.464940853218478651e+03
2.007621427050708007e+03 1.461734844241464316e+03
3.824766901833052088e+02 1.430586235240499718e+03
4.768710424368620124e+02 1.427390185063567515e+03
5.708176103162684285e+02 1.424206833867362548e+03
6.643127669987432000e+02 1.421036744672257555e+03
7.573538487509601964e+02 1.417880105380144187e+03
8.499385281178255127e+02 1.414736873682739770e+03
9.420644311965729685e+02 1.411606889126696842e+03
1.033728944643146633e+03 1.408489956849783539e+03
1.124929164946371202e+03 1.405385906983818813e+03
1.215661948618270799e+03 1.402294633255646659e+03
1.305924027367415874e+03 1.399216113902166626e+03
1.395712157120252641e+03 1.396150417644746540e+03
1.485023273999968978e+03 1.393097697137897740e+03
1.573854634124350696e+03 1.390058172013131525e+03
1.662203917398179783e+03 1.387032103377819112e+03
1.750069278401657584e+03 1.384019761397418733e+03
1.837449330058908117e+03 1.381021387384711488e+03
1.924343048050040579e+03 1.378037151638864088e+03
2.010749585942816339e+03 1.375067108117891166e+03
3.799111553599940407e+02 1.339125069926373953e+03
4.746514978902656594e+02 1.336154107394961557e+03
5.689404255037112534e+02 1.333196995349823510e+03
6.627746070191316221e+02 1.330254119554896988e+03
7.561515694322936270e+02 1.327325591553482127e+03
8.490690837606575769e+02 1.324411357923228024e+03
9.415247972483307421e+02 1.321511283736907217e+03
1.033516056583059935e+03 1.318625213974086819e+03
1.125039873822711570e+03 1.315753016185200522e+03
1.216092992977575022e+03 1.312894607313237657e+03
1.306672020730833538e+03 1.310049967224897273e+03
1.396773589678845838e+03 1.307219141188409139e+03
1.486394526804550878e+03 1.304402233255572355e+03
1.575532003723884827e+03 1.301599392257478257e+03
1.664183648623133649e+03 1.298810791903701556e+03
1.752347602785775962e+03 1.296036606280623573e+03
1.840022507236560159e+03 1.293276981873354089e+03
1.927207407349815867e+03 1.290532007085081432e+03
2.013901565315468588e+03 1.287801680095434676e+03
3.773687484988263350e+02 1.247002488010605475e+03
4.724552046273608994e+02 1.244260046475493482e+03
5.670867573316479593e+02 1.241532466469588826e+03
6.612602663151434399e+02 1.238820014420704183e+03
7.549733796955504204e+02 1.236122775077647475e+03
8.482239258889771918e+02 1.233440724876731565e+03
9.410095548757004735e+02 1.230773786790612121e+03
1.033327572412334803e+03 1.228121869601817252e+03
1.125174917968409773e+03 1.225484894178801369e+03
1.216548243559569983e+03 1.222862809007926899e+03
1.307444056311425584e+03 1.220255596946529067e+03
1.397858892596047554e+03 1.217663274906550441e+03
1.487789496008424749e+03 1.215085887951911673e+03
1.577232975357379928e+03 1.212523499092827478e+03
1.666186922292702548e+03 1.209976175883993847e+03
1.754649471230228983e+03 1.207443974778488155e+03
1.842619286916684359e+03 1.204926924053090715e+03
1.930095467338858271e+03 1.202425006001558813e+03
2.017077351765475896e+03 1.199938138988278979e+03
3.748502855449884237e+02 1.154217721604885583e+03
4.702830504355617904e+02 1.151707226184387537e+03
5.652575233036334339e+02 1.149212520515326787e+03
6.597706519719770313e+02 1.146733788553402519e+03
7.538202601429259175e+02 1.144271387341406353e+03
8.474039814983854058e+02 1.141824821098635312e+03
9.405195527954591626e+02 1.139394354715185045e+03
1.033164244178139143e+03 1.136979976080837105e+03
1.125334940815714617e+03 1.134581669050018718e+03
1.217028229593128799e+03 1.132199417961531253e+03
1.308240549593743708e+03 1.129833208030634978e+03
1.398968373616409053e+03 1.127483022773265475e+03
1.489208392494823329e+03 1.125148839451941285e+03
1.578957677981277357e+03 1.122830623383555121e+03
1.668213803479047328e+03 1.120528321818516133e+03
1.756974905012074942e+03 1.118241857986542755e+03
1.845239667556016684e+03 1.115971125805012434e+03
1.933007224265117429e+03 1.113715985659480793e+03
2.020276958253942439e+03 1.111476261591266393e+03
3.723566917496686983e+02 1.060770937955332784e+03
4.681360357223023811e+02 1.058495867102014017e+03
5.634537794856030359e+02 1.056237487077751211e+03
6.583068556145746015e+02 1.053995914099791435e+03
7.526929577459534357e+02 1.051771257283596242e+03
8.466099229106824851e+02 1.049563618152363233e+03
9.400555363059811498e+02 1.047373331617300892e+03
1.033026739990842088e+03 1.045199989056573486e+03
1.125520526197456547e+03 1.043043879628084142e+03
1.217533447915489432e+03 1.040905024133637880e+03
1.309061911904010913e+03 1.038783407996215374e+03
1.400102363858089575e+03 1.036678976775367801e+03
1.490651475722144369e+03 1.034591633431424498e+03
1.580706310449349985e+03 1.032521237716802034e+03
1.670264443109491140e+03 1.030467607989822909e+03
1.759324020421909609e+03 1.028430525675348008e+03
1.847883743585873162e+03 1.026409742535658097e+03
1.935942761742896209e+03 1.024404990863206876e+03
2.023500465574928512e+03 1.022415996662942348e+03
3.698887734160999798e+02 9.666616011217861342e+02
4.660149110385403901e+02 9.646255098324836581e+02
5.616762234234245170e+02 9.626070347509074736e+02
6.568695191389443835e+02 9.606062154503997590e+02
7.515924145029351848e+02 9.586231745471214936e+02
8.458426993228683841e+02 9.566580784669346258e+02
9.396179661288874740e+02 9.547111032662672869e+02
1.032915626867441460e+03 9.527826255786992533e+02
1.125732187815750649e+03 9.508723275938746156e+02
1.218064358999166416e+03 9.489804771243526602e+02
1.309908552712889104e+03 9.471070564507792824e+02
1.401261225910671328e+03 9.452519695739821373e+02
1.492119066952326648e+03 9.434150415872437634e+02
1.582479159036316105e+03 9.415960235615442571e+02
1.672339098790357184e+03 9.397946028064534403e+02
1.761697051742964504e+03 9.380104183435227014e+02
1.850551729259886088e+03 9.362430814087188082e+02
1.938902274048215986e+03 9.344922007848638259e+02
2.026748043549167960e+03 9.327574127534545596e+02
3.674473395005622933e+02 8.718895974812966188e+02
4.639203826071665162e+02 8.700961036653056908e+02
5.599254878413978531e+02 8.683212338462603839e+02
6.554592215506238517e+02 8.665649165027487015e+02
7.505190482956526239e+02 8.648272612310613567e+02
8.451026713623933802e+02 8.631084789779347375e+02
9.392076433684258063e+02 8.614088159100637085e+02
1.032831185121212457e+03 8.597285002383304118e+02
1.125970364297678998e+03 8.580678985049503353e+02
1.218621385422233516e+03 8.564267050667584726e+02
1.310780881335653021e+03 8.548050853092634043e+02
1.402445358357957502e+03 8.532028993473306855e+02
1.493611555983068229e+03 8.516198942615496890e+02
1.584276605574941186e+03 8.500557147115208636e+02
1.674438143365862288e+03 8.485099219999733577e+02
1.764094359081169387e+03 8.469820210185254155e+02
1.853243964446802238e+03 8.454714945283599263e+02
1.941886068416389207e+03 8.439778442517002759e+02
2.030019948226162342e+03 8.425006382723981915e+02
3.650332093320344029e+02 7.764549456608810942e+02
4.618530852408784995e+02 7.749076718406322470e+02
5.582020813187995145e+02 7.733801823867293024e+02
6.540763891372730541e+02 7.718722322740231903e+02
7.494732359613734616e+02 7.703838686706579892e+02
8.443901907563273426e+02 7.689153083523627856e+02
9.388247479622851870e+02 7.674668377825612424e+02
1.032774125536628389e+03 7.660387341439868578e+02
1.126235221999158512e+03 7.646312057140285106e+02
1.219204912991598349e+03 7.632445263335795289e+02
1.311679307695470698e+03 7.618783125892546195e+02
1.403655195865886981e+03 7.605325494284045362e+02
1.495129400014214752e+03 7.592069095105134693e+02
1.586099124340510798e+03 7.579009392307411872e+02
1.676562058860514526e+03 7.566140867702517880e+02
1.766516418218312083e+03 7.553457408205090360e+02
1.855960899071259064e+03 7.540952790530313905e+02
1.944894542580985217e+03 7.528621254690222031e+02
2.033316490874016836e+03 7.516458158216682932e+02
3.626473043692786860e+02 6.803578477325715994e+02
4.598136551005967476e+02 6.790603123395447938e+02
5.565064455507459797e+02 6.777839641536704676e+02
6.527213401485973918e+02 6.765282912984782797e+02
7.484552272900040180e+02 6.752932037450968892e+02
8.437054808558273180e+02 6.740788650797525179e+02
9.384695083264645064e+02 6.728855564700224932e+02
1.032744520194187999e+03 6.717135700220893568e+02
1.126527463858761166e+03 6.705631289402522270e+02
1.219815072695293338e+03 6.694343321035983081e+02
1.312604241737052007e+03 6.683272772766596290e+02
1.404891203828451580e+03 6.672414298758731093e+02
1.496673113065268126e+03 6.661765454615507451e+02
1.587947265539353566e+03 6.651320865086561298e+02
1.678711413114740935e+03 6.641074093036389741e+02
1.768963789261980082e+03 6.631018145827885064e+02
1.858703052449131974e+03 6.621146104506028678e+02
1.947928133280687689e+03 6.611451863526407351e+02
2.036637973968686538e+03 6.601930969736806674e+02
3.602908000962270307e+02 5.835988304966124360e+02
4.578028544818719183e+02 5.825542809974999727e+02
5.548390571106521065e+02 5.815326823954783322e+02
6.513943669660915248e+02 5.805331280484172112e+02
7.474652104400573762e+02 5.795552875462012707e+02
8.430486875998922187e+02 5.785991894019518895e+02
9.381420751264005276e+02 5.776650460422279139e+02
1.032742558674909333e+03 5.767531171275131783e+02
1.126847136160910622e+03 5.758636075731279789e+02
1.220452641207883062e+03 5.749965969525964056e+02
1.313555842827165861e+03 5.741519972520979991e+02
1.406153866395685100e+03 5.733296733152412799e+02
1.498243244117901213e+03 5.725289079163756014e+02
1.589821622943690500e+03 5.717492310682678180e+02
1.680886816040104804e+03 5.709899370549741207e+02
1.771437060416000350e+03 5.702502777256639774e+02
1.861470943249439642e+03 5.695295399522919979e+02
1.950987230883125449e+03 5.688271364408492445e+02
2.039984588755690083e+03 5.681427084265396843e+02
3.579653474044770292e+02 4.861790270313479141e+02
4.558217567008560991e+02 4.853902054037016569e+02
5.532005805898519384e+02 4.846266160992283858e+02
6.500958615152408129e+02 4.838867908626849612e+02
7.465034129795005811e+02 4.831700235839309698e+02
8.424199589391262180e+02 4.824760998186033021e+02
9.378425812906855299e+02 4.818050793450015590e+02
1.032768406088240226e+03 4.811571265531219979e+02
1.127194468165509761e+03 4.805323839284830001e+02
1.221117701821171977e+03 4.799308843206670190e+02
1.314535012276356838e+03 4.793524980771295532e+02
1.407443666514654979e+03 4.787970233525851427e+02
1.499840341881178119e+03 4.782637510216701457e+02
1.591722782858928440e+03 4.777521505428163664e+02
1.683088851987356747e+03 4.772614928729068424e+02
1.773936762687585770e+03 4.767910311928974352e+02
1.864264985235264703e+03 4.763400928066367896e+02
1.954072054625348073e+03 4.759081868378322042e+02
2.043356268240048848e+03 4.754951258941289325e+02
3.556733739924848123e+02 3.881006577243700804e+02
4.538720001648368907e+02 3.875694867995133563e+02
5.515920808462362857e+02 3.870665542121236058e+02
6.488264903814032323e+02 3.865896191062896605e+02
7.455702438163168608e+02 3.861374277414003018e+02
8.418195568547034782e+02 3.857093850122475942e+02
9.375712267792059720e+02 3.853052904562676986e+02
1.032822262691506921e+03 3.849251322264865394e+02
1.127569702761502185e+03 3.845689331120526049e+02
1.221810564427112467e+03 3.842366432387071882e+02
1.315541880771133037e+03 3.839280745832417097e+02
1.408761056394030675e+03 3.836429606991802075e+02
1.501464903763806660e+03 3.833806155459061529e+02
1.593651251206932102e+03 3.831404818441659472e+02
1.685317984232002800e+03 3.829218545556043409e+02
1.776463250775911320e+03 3.827240496765219859e+02
1.867085343284519922e+03 3.825465102681951066e+02
1.957182482241309344e+03 3.823889308985034177e+02
2.046752488655346951e+03 3.822513982790375167e+02
3.534184776316768648e+02 2.893677803675996074e+02
4.519561218449904345e+02 2.890949572292997800e+02
5.500153030500630393e+02 2.888543729352749097e+02
6.475874268810414378e+02 2.886427527378277773e+02
7.446664819178913604e+02 2.884580813828065402e+02
8.412480065946008381e+02 2.882992109842622312e+02
9.373283915186104878e+02 2.881655456352183364e+02
1.032904443081305999e+03 2.880567948254868043e+02
1.127973143899357183e+03 2.879727884867826333e+02
1.222531554163568444e+03 2.879133471676656200e+02
1.316576805507662584e+03 2.878782014611796285e+02
1.410106145654462125e+03 2.878669553713592677e+02
1.503117306282958225e+03 2.878791569835323116e+02
1.595607355054291020e+03 2.879140670994987659e+02
1.687574427031764117e+03 2.879711248586716010e+02
1.779016544744216844e+03 2.880497816815847045e+02
1.869931743459553672e+03 2.881496854819022246e+02
1.960317826928584054e+03 2.882708215000595828e+02
2.050172011561101499e+03 2.884136717286758085e+02
3.512059246253343190e+02 1.899873907796903723e+02
4.500779816338180126e+02 1.899718707020056172e+02
5.484730302819947383e+02 1.899939323676968570e+02
6.463806482208979105e+02 1.900489482916258339e+02
7.437935184240942590e+02 1.901338795456889557e+02
8.407062882897373584e+02 1.902468134400855888e+02
9.371147803024691711e+02 1.903865910806179045e+02
1.033015477458057376e+03 1.905525153658564932e+02
1.128405216660402175e+03 1.907441308937371787e+02
1.223281032143004040e+03 1.909610680704518018e+02
1.317640098771908924e+03 1.912029444619178093e+02
1.411479731968964870e+03 1.914693171056549090e+02
1.504797713738000084e+03 1.917597244833899595e+02
1.597591114402342100e+03 1.920735495562696542e+02
1.689857980091285981e+03 1.924103514600160452e+02
1.781596126355776960e+03 1.927698003359251970e+02
1.872803230073812529e+03 1.931518516585642828e+02
1.963476553690039964e+03 1.935569028707973303e+02
2.053612557708381246e+03 1.939859712000533136e+02
3.490432684333371753e+02 8.997096901514782985e+01
4.482432904806975102e+02 9.020932028731931496e+01
5.469695296277066063e+02 9.049238154293186653e+01
6.452093068585729725e+02 9.081378767263731788e+01
7.429536595436093194e+02 9.116915819238965923e+01
8.401960767122927791e+02 9.155555718204618643e+01
9.369316038782981195e+02 9.197105723305560332e+01
1.033156237724369475e+03 9.241439635253880169e+01
1.128866541332691668e+03 9.288471784444732293e+01
1.224059419816261425e+03 9.338138416298272659e+01
1.318732004300300559e+03 9.390385661702771358e+01
1.412881599338851174e+03 9.445163360437675237e+01
1.506505961524696886e+03 9.502426160891445761e+01
1.599602079479102713e+03 9.562128948711756493e+01
1.692167819574127861e+03 9.624246605247503794e+01
1.784200683144599907e+03 9.688777336304235632e+01
1.875697861784295128e+03 9.755759030842057200e+01
1.966655926060594084e+03 9.825286418774032882e+01
2.057070402685383669e+03 9.897530627946923687e+01
3.855807363809188928e+02 1.705165340487236790e+03
4.742023794629909617e+02 1.701515155172797904e+03
5.624354674654442761e+02 1.697879539321462289e+03
6.502765377053116254e+02 1.694259890715684378e+03
7.377234095185706337e+02 1.690656944920385058e+03
8.247746048298776032e+02 1.687070979731545322e+03
9.114289534438171358e+02 1.683501979587102824e+03
9.976853459516048588e+02 1.679949764771088667e+03
1.083542601595283486e+03 1.676414089720834454e+03
1.168999422387497816e+03 1.672894714277944786e+03
1.254054408299542501e+03 1.669391451301797133e+03
1.338706111449572973e+03 1.665904193685477821e+03
1.422953109988519600e+03 1.662432923474298150e+03
1.506794084831323971e+03 1.658977705482926922e+03
1.590227884550104136e+03 1.655538667535265404e+03
1.673253565664977032e+03 1.652115969208688512e+03
1.755870397265810880e+03 1.648709760748270583e+03
1.838077820399687425e+03 1.645320133624666823e+03
1.919875353987409653e+03 1.641947064039122324e+03
3.830520125407106207e+02 1.620130843529103231e+03
4.719786833926759755e+02 1.616672820750675783e+03
5.605129469668792126e+02 1.613230852243813843e+03
6.486519167847476410e+02 1.609805934039430667e+03
7.363938253118533339e+02 1.606398517868203271e+03
8.237374671147148320e+02 1.603008687671813277e+03
9.106818269096422682e+02 1.599636300771540164e+03
9.972258549243877042e+02 1.596281098050995297e+03
1.083368356520648831e+03 1.592942787033061450e+03
1.169107967049455283e+03 1.589621101302399211e+03
1.254443186484194484e+03 1.586315839339913737e+03
1.339372451544778642e+03 1.583026885490291079e+03
1.423894225834134886e+03 1.579754215474555394e+03
1.508007090993858355e+03 1.576497888583220856e+03
1.591709824084770844e+03 1.573258028438886186e+03
1.675001448342382446e+03 1.570034793997417410e+03
1.757881246175747037e+03 1.566828342261442685e+03
1.840348724797177510e+03 1.563638784006530841e+03
1.922403526213310215e+03 1.560466133666973747e+03
3.805438720305612605e+02 1.534522772107858373e+03
4.697752924696118271e+02 1.531260394396971833e+03
5.586107796762423732e+02 1.528015206458283274e+03
6.470479189363003343e+02 1.524787897033435911e+03
7.350852757206275783e+02 1.521578715248973822e+03
8.227218574622792175e+02 1.518387619660336895e+03
9.099567608150672413e+02 1.515214396727374378e+03
9.967889662913657958e+02 1.512058752589711730e+03
1.083217246788961575e+03 1.508920381579874629e+03
1.169240160613502212e+03 1.505799014525648772e+03
1.254856103238276319e+03 1.502694449546598889e+03
1.340063395265186500e+03 1.499606567739384673e+03
1.424860386903987546e+03 1.496535335869107485e+03
1.509245561811147581e+03 1.493480797936324734e+03
1.593217625361329283e+03 1.490443057268752000e+03
1.676775564396305526e+03 1.487422250590509066e+03
1.759918667237832551e+03 1.484418515347628500e+03
1.842646494289405837e+03 1.481431951414367404e+03
1.924958790911127380e+03 1.478462578168602249e+03
3.780564266207336459e+02 1.448340209834871303e+03
4.675926056233676036e+02 1.445276636956901257e+03
5.567295745487510885e+02 1.442231121292692706e+03
6.454652940895595066e+02 1.439204123970810315e+03
7.337985911674892350e+02 1.436195759989366934e+03
8.217286351616796765e+02 1.433205920087931645e+03
9.092546006525769826e+02 1.430234366922082245e+03
9.963754780033559655e+02 1.427280808904415608e+03
1.083089997803195956e+03 1.424344954693925956e+03
1.169396639371463380e+03 1.421426550973315670e+03
1.255293697224066364e+03 1.418525405847395632e+03
1.340779382682950654e+03 1.415641399921908942e+03
1.425851940712101850e+03 1.412774486877731533e+03
1.510509764629676511e+03 1.409924685137758388e+03
1.594751493613212915e+03 1.407092062030241323e+03
1.678576079916909748e+03 1.404276711680578273e+03
1.761982814487270161e+03 1.401478727711464671e+03
1.844971301223374667e+03 1.398698171696909412e+03
1.927541371505531288e+03 1.395935038197130325e+03
3.755900672851083755e+02 1.361581970028903697e+03
4.654312335918351664e+02 1.358720159640898601e+03
5.548700975372688617e+02 1.355877073912799005e+03
6.439049051922863782e+02 1.353053011145407709e+03
7.325346803586828628e+02 1.350248007953491197e+03
8.207587108557197553e+02 1.347461934071301357e+03
9.085762228293679073e+02 1.344694566448258229e+03
9.959862037739576408e+02 1.341945645476254413e+03
1.082987339754685763e+03 1.339214915858893846e+03
1.169578036577644980e+03 1.336502154336815238e+03
1.255756498428296254e+03 1.333807186218805782e+03
1.341520840840959636e+03 1.331129892432610404e+03
1.426869217817470371e+03 1.328470208599462467e+03
1.511799945524930990e+03 1.325828117449867477e+03
1.596311607308635530e+03 1.323203635732783368e+03
1.680403126791426075e+03 1.320596796623953878e+03
1.764073797626110718e+03 1.318007628509883489e+03
1.847323260051458419e+03 1.315436130910042721e+03
1.930151415799968163e+03 1.312882248199774949e+03
3.731453642779158599e+02 1.274246755115276301e+03
4.632919068869416606e+02 1.271589562521592825e+03
5.530331882590711530e+02 1.268951619301878054e+03
6.423676542034036174e+02 1.266333110551068103e+03
7.312944660598291193e+02 1.263734037389347350e+03
8.198129924033371481e+02 1.261154284601328300e+03
9.079224907821244415e+02 1.258593672690633184e+03
9.956219394864345986e+02 1.256051996649043531e+03
1.082909984246920203e+03 1.253529053461520789e+03
1.169784969108951373e+03 1.251024660120658382e+03
1.256245024580851350e+03 1.248538663703581733e+03
1.342288189562393654e+03 1.246070944868331253e+03
1.427912546572901419e+03 1.243621415952881534e+03
1.513116352459347354e+03 1.241190014705977774e+03
1.597898149113293584e+03 1.238776694542941641e+03
1.682256840796789675e+03 1.236381412099598947e+03
1.766191726503609971e+03 1.234004112751970979e+03
1.849702477392373794e+03 1.231644714676723879e+03
1.932789050748227965e+03 1.229303091946329914e+03
3.707229837164874198e+02 1.186333256541451192e+03
4.611753981522781487e+02 1.183883512528901747e+03
5.512196891093916520e+02 1.181453449026504131e+03
6.408544187348147716e+02 1.179043171918561484e+03
7.300788298498599715e+02 1.176652676567177195e+03
8.188923381588099346e+02 1.174281887961557231e+03
9.072942170397307109e+02 1.171930690568932050e+03
9.952834341570808192e+02 1.169598949621821021e+03
1.082858604147817232e+03 1.167286525354495097e+03
1.170018026076043952e+03 1.164993281504571769e+03
1.256759778285791981e+03 1.162719089221208151e+03
1.343081846761634097e+03 1.160463827367058911e+03
1.428982266181802515e+03 1.158227380064990484e+03
1.514459255562902399e+03 1.156009632220568847e+03
1.599511332789662902e+03 1.153810463645963864e+03
1.684137394433818827e+03 1.151629742318451463e+03
1.768336749126288396e+03 1.149467317225919032e+03
1.852109094385886692e+03 1.147323011181297261e+03
1.935454428252740854e+03 1.145196613926571445e+03
3.683236236327749111e+02 1.097840206228034958e+03
4.590824615020341071e+02 1.095600771550806030e+03
5.494303890620019502e+02 1.093381399027855423e+03
6.393660012547874203e+02 1.091182133021565960e+03
7.288885674575814164e+02 1.089002979230676829e+03
8.179975189808656069e+02 1.086843916782594988e+03
9.066921322707357831e+02 1.084704905499964525e+03
9.949713662287265379e+02 1.082585889487184659e+03
1.082833817192367405e+03 1.080486798019611342e+03
1.170277759665529175e+03 1.078407544574720077e+03
1.257301244911193407e+03 1.076348024718424085e+03
1.343902233076591529e+03 1.074308113449233815e+03
1.430078737662415961e+03 1.072287662506255856e+03
1.515828963919984972e+03 1.070286498062738019e+03
1.601151425204347561e+03 1.068304419153507069e+03
1.686045023464887890e+03 1.066341197121037112e+03
1.770509081951950975e+03 1.064396576309912462e+03
1.854543319888833366e+03 1.062470276192095298e+03
1.938147760330703932e+03 1.060561995064748317e+03
3.659479728321127823e+02 1.008766392929670019e+03
4.570137917570594936e+02 1.006740187528979618e+03
5.476659846772178071e+02 1.004734418891683845e+03
6.379030930021727954e+02 1.002749070314780283e+03
7.277243564806819904e+02 1.000784159577048399e+03
8.171291904412563554e+02 9.988397221414347769e+02
9.061168624718802675e+02 9.969157952186005787e+02
9.946863260523377903e+02 9.950124032209724874e+02
1.082836173908286582e+03 9.931295450358419430e+02
1.170564678511786042e+03 9.912671834588717275e+02
1.257869891272057657e+03 9.894252370542371864e+02
1.344749775600568682e+03 9.876035746431349480e+02
1.431202352248306170e+03 9.858020125672496761e+02
1.517225838147641298e+03 9.840203148268473115e+02
1.602818762489284381e+03 9.822581961534831407e+02
1.687980045965010049e+03 9.805153280438486263e+02
1.772709031044073299e+03 9.787913477533866171e+02
1.857005452856787088e+03 9.770858702250864098e+02
1.940869341760966790e+03 9.753985029097996176e+02
3.635966963206933542e+02 9.191106595940478883e+02
4.549700068611443839e+02 9.173006640674918799e+02
5.459270611526139874e+02 9.155115176013017617e+02
6.364662550263105913e+02 9.137431244470243428e+02
7.265867385060232664e+02 9.119955008961775320e+02
8.162878768773487081e+02 9.102687284692184448e+02
9.055689155871614275e+02 9.085629138972482224e+02
9.944288055080724007e+02 9.068781557792419790e+02
1.082866150492772249e+03 9.052145177623732479e+02
1.170879243916181395e+03 9.035720080652347406e+02
1.258466165124841609e+03 9.019505651422988421e+02
1.345624910442511919e+03 9.003500492719684871e+02
1.432353536672264454e+03 8.987702398391223824e+02
1.518650297937295363e+03 8.972108380755041708e+02
1.604513759259177959e+03 8.956714750169364834e+02
1.689942872523112555e+03 8.941517244346243842e+02
1.774937002460814711e+03 8.926511204982627987e+02
1.859495892025207922e+03 8.911691799308055124e+02
1.943619558066181071e+03 8.897054284182637502e+02
3.612704515387623587e+02 8.288719009321055182e+02
4.529516571732469856e+02 8.272811271005491562e+02
5.442140966052663771e+02 8.257117037162649922e+02
6.350559190653176529e+02 8.241634180483004002e+02
7.254761178953166336e+02 8.226362547799080858e+02
8.154739691287713867e+02 8.211303177424840669e+02
9.050486789952044546e+02 8.196457646517760622e+02
9.941991958205360334e+02 8.181827540491573245e+02
1.082924147329008747e+03 8.167414036849011154e+02
1.171221869250999589e+03 8.153217596153675686e+02
1.259090495472449902e+03 8.139237753212825055e+02
1.346528083787007290e+03 8.125473001894399658e+02
1.433532754686858652e+03 8.111920767348206027e+02
1.520102823602836679e+03 8.098577459740224640e+02
1.606236909624121154e+03 8.085438603937677726e+02
1.691934006033606238e+03 8.072499039898984847e+02
1.777193500023794059e+03 8.059753188825752659e+02
1.862015130742993051e+03 8.047195380421699156e+02
1.946398876392692273e+03 8.034820236875887076e+02
3.589699401705124728e+02 7.380490840079525015e+02
4.509592657944599523e+02 7.366805106494286974e+02
5.425274931707211863e+02 7.353339413009853160e+02
6.336724113090314177e+02 7.340089864768006009e+02
7.243927797745701582e+02 7.327055510123898330e+02
8.146877380163291491e+02 7.314237225530891919e+02
9.045564294676410100e+02 7.301636795687290942e+02
9.939977947372897233e+02 7.289256173803353249e+02
1.083010493897106016e+03 7.277096907922903029e+02
1.171592922905332898e+03 7.265159720247881978e+02
1.259743293654208628e+03 7.253444227366483119e+02
1.347459751058572692e+03 7.241948790178005311e+02
1.434740504067074426e+03 7.230670483141175282e+02
1.521583950530601442e+03 7.219605173249524341e+02
1.607988778550613233e+03 7.208747699859015938e+02
1.693954029295342934e+03 7.198092147161619323e+02
1.779479108352427374e+03 7.187632201716164673e+02
1.864563734516555542e+03 7.177361588016324276e+02
1.949207816521101904e+03 7.167274575597804187e+02
3.566960009005031225e+02 6.466413187903767721e+02
4.489934046075164815e+02 6.454977877045911328e+02
5.408676389478341662e+02 6.443771468155537150e+02
6.323160024660913905e+02 6.432787459911858150e+02
7.233369300721099080e+02 6.422023419316340096e+02
8.139293658646138283e+02 6.411479512389059892e+02
9.040923573844686416e+02 6.401157298908586881e+02
9.938248243659386389e+02 6.391058768476073055e+02
1.083125460906129774e+03 6.381185597039477670e+02
1.171992735150239469e+03 6.371538604731470059e+02
1.260424955165723759e+03 6.362117397462623103e+02
1.348420373717412531e+03 6.352920176176514815e+02
1.435977308217146174e+03 6.343943699022552209e+02
1.523094255259056354e+03 6.335183382942341268e+02
1.609769981913541642e+03 6.326633532302482763e+02
1.696003578382688829e+03 6.318287683247414179e+02
1.781794458756706490e+03 6.310139053395696465e+02
1.867142298490071880e+03 6.302181087368506951e+02
1.952046898869250299e+03 6.294408089424846366e+02
3.544497491572498120e+02 5.546480103545437714e+02
4.470548112876728055e+02 5.537320768697304629e+02
5.392350053152256351e+02 5.528402566467310635e+02
6.309869879716686683e+02 5.519715281542335106e+02
7.223087607918872664e+02 5.511254092778332279e+02
8.131989986405699256e+02 5.503017723764245375e+02
9.036566071957918211e+02 5.495006930189795185e+02
9.936804611045163256e+02 5.487223293270237718e+02
1.083269280552223108e+03 5.479668291163611684e+02
1.172421609320556399e+03 5.472342622781042110e+02
1.261135862117784654e+03 5.465245760652867375e+02
1.349410413124543311e+03 5.458375711585975978e+02
1.437243701362906222e+03 5.451728965743441222e+02
1.524634331725520724e+03 5.445300616508440044e+02
1.611581153343139704e+03 5.439084635071877756e+02
1.698083299468330097e+03 5.433074285117796762e+02
1.784140175250902075e+03 5.427262664282637843e+02
1.869751381713025694e+03 5.421643360243499501e+02
1.954916565931822106e+03 5.416211210355594403e+02
3.522327031153552070e+02 4.620688458213287504e+02
4.451444265255114487e+02 4.613825758380170328e+02
5.376300978183780899e+02 4.607221131486875265e+02
6.296858026378940849e+02 4.600862142538771877e+02
7.213085440899214973e+02 4.594734663912245196e+02
8.124968215815647454e+02 4.588837906609563788e+02
9.032493363449520984e+02 4.583171075995296633e+02
9.935648792535412213e+02 4.577734769738673322e+02
1.083442175893015474e+03 4.572529845480908079e+02
1.172879837730563850e+03 4.567556595095644525e+02
1.261876386200769275e+03 4.562814196072494042e+02
1.350430320811489764e+03 4.558300413271535945e+02
1.438540206150611084e+03 4.554011526772993648e+02
1.526204756001340684e+03 4.549942463798385006e+02
1.613422895701348807e+03 4.546087114724314233e+02
1.700193786455876761e+03 4.542438815062838557e+02
1.786516797578699425e+03 4.538990976958134524e+02
1.872391414625138168e+03 4.535737855260990727e+02
1.957817073131825737e+03 4.532675434604162774e+02
3.500473112548371546e+02 3.689054260223228994e+02
4.432641213844850654e+02 3.684501351665204538e+02
5.360543916393502286e+02 3.680229942572358368e+02
6.284129303998154228e+02 3.676217823511266261e+02
7.203367591461542361e+02 3.672453941760682028e+02
8.118231615213672967e+02 3.668926516126981596e+02
9.028707951179887914e+02 3.665634532490614674e+02
9.934783100674328580e+02 3.662576878525466100e+02
1.083644400421037744e+03 3.659753254121341115e+02
1.173367722760009656e+03 3.657163177278218882e+02
1.262646891970274282e+03 3.654805318305890296e+02
1.351480524371952242e+03 3.652677129738948452e+02
1.439867302290946554e+03 3.650774742471134005e+02
1.527806037592604298e+03 3.649093101419416598e+02
1.615295714717817418e+03 3.647626316570294875e+02
1.702335496418158073e+03 3.646368207558160748e+02
1.788924677721907756e+03 3.645313021998637169e+02
1.875062575715830235e+03 3.644456309665799836e+02
1.960748344533164754e+03 3.643795936278381760e+02
3.478968641225860665e+02 2.751600177858856568e+02
4.414162051798185757e+02 2.749359341512233641e+02
5.345094338056811694e+02 2.747432138420305137e+02
6.271700831813434434e+02 2.745787354574611072e+02
7.193942562961515250e+02 2.744406556027257693e+02
8.111786194942112616e+02 2.743274187398080812e+02
9.025214301610290022e+02 2.742384975091723618e+02
9.934211181892976583e+02 2.741735193709973828e+02
1.083876289019273827e+03 2.741322712182852683e+02
1.173885603565452584e+03 2.741145808836049582e+02
1.263447740209877338e+03 2.741202369443284397e+02
1.352561408058001007e+03 2.741489429447764223e+02
1.441225384680099978e+03 2.742003025288976232e+02
1.529438555107456295e+03 2.742738323168306351e+02
1.617199931972947525e+03 2.743689996658390555e+02
1.704508639429850064e+03 2.744852827332623519e+02
1.791363845895200029e+03 2.746222505087210948e+02
1.877764632785030926e+03 2.747796607071647941e+02
1.963709788274178663e+03 2.749575736155182994e+02
3.457861773357303719e+02 1.808377995631561816e+02
4.396042909634606985e+02 1.808436465893670402e+02
5.329979007800133104e+02 1.808852242889250874e+02
6.259589731912933530e+02 1.809582537172611865e+02
7.184821621317637437e+02 1.810598327827673302e+02
8.105642376095518102e+02 1.811881738665048260e+02
9.022020147131684098e+02 1.813418595287715789e+02
9.933938976180154441e+02 1.815202529146404231e+02
1.084138321590766282e+03 1.817228743012506129e+02
1.174433888889097489e+03 1.819493688728812231e+02
1.264279291056646116e+03 1.821994106534847333e+02
1.353673287009396063e+03 1.824726460502832879e+02
1.442614709195559044e+03 1.827686729067917213e+02
1.531102473779654247e+03 1.830870513664185637e+02
1.619135574029711734e+03 1.834273432114525804e+02
1.706713038925580804e+03 1.837891766699336813e+02
1.793833841502421365e+03 1.841723339777298634e+02
1.880496743637995678e+03 1.845768592477135144e+02
1.966700065922555041e+03 1.850031844349872472e+02
3.437220159662595051e+02 8.594776850145160552e+01
4.378335912359494841e+02 8.618024941914904957e+01
5.315237705054378239e+02 8.645433729715637128e+01
6.247826094789946865e+02 8.676428869619724082e+01
7.176033401585344791e+02 8.710605488545991193e+01
8.099817046472600168e+02 8.747689941089004151e+01
9.019138089404976881e+02 8.787484784776097513e+01
9.933975895816845423e+02 8.829869576662008512e+01
1.084431200771977956e+03 8.874759398962532941e+01
1.175013096452801847e+03 8.922093159863425171e+01
1.265141906492949374e+03 8.971822133576222313e+01
1.354816373869198742e+03 9.023903019950034832e+01
1.444035324099392255e+03 9.078295049694906993e+01
1.532797641987238876e+03 9.134960708288588194e+01
1.621102234082484074e+03 9.193869694045474716e+01
1.708947958201518304e+03 9.255005764003919921e+01
1.796333503939850743e+03 9.318376155597684374e+01
1.883257210382013454e+03 9.384023302845537273e+01
1.969716809214841760e+03 9.452038593332929395e+01
3.788823140242385534e+02 1.627919815562211625e+03
4.634976043697013210e+02 1.624621748622662381e+03
5.477604901506529131e+02 1.621344287249322633e+03
6.316692620604226249e+02 1.618088293441711357e+03
7.152231975442136900e+02 1.614854148630287909e+03
7.984220969622321036e+02 1.611641898409467558e+03
8.812661143667157830e+02 1.608451747429032366e+03
9.637549700609998808e+02 1.605282652740567755e+03
1.045888676114959253e+03 1.602134633544244025e+03
1.127666955781525758e+03 1.599007340701154590e+03
1.209089380773113589e+03 1.595900463594805387e+03
1.290155414459997928e+03 1.592813753284060567e+03
1.370864475395311274e+03 1.589747033191286391e+03
1.451216008309989547e+03 1.586700198922906793e+03
1.531209551266309290e+03 1.583673208636831077e+03
1.610844789025276441e+03 1.580666065207964948e+03
1.690121583891079354e+03 1.577678791297594898e+03
1.769039976363090773e+03 1.574711398303082660e+03
1.847600148868904398e+03 1.571763850049542270e+03
3.764692168366838132e+02 1.546405411684140745e+03
4.613545019358060699e+02 1.543284094951331781e+03
5.458843306230833150e+02 1.540184145157082412e+03
6.300574151828677714e+02 1.537106156099119062e+03
7.138733416043185116e+02 1.534050327544120137e+03
7.973321199715235252e+02 1.531016588801679518e+03
8.804338782165178827e+02 1.528004698502531937e+03
9.631786716185577006e+02 1.525014323470407817e+03
1.045566383651321075e+03 1.522045099259663402e+03
1.127596911546231922e+03 1.519097039849292287e+03
1.209269357095504347e+03 1.516169120840630058e+03
1.290583287548329736e+03 1.513261450123718760e+03
1.371538032616978626e+03 1.510373851826405826e+03
1.452132954102075018e+03 1.507506218102165576e+03
1.532367522132778959e+03 1.504658499589930443e+03
1.612241376354950489e+03 1.501830689007987758e+03
1.691754363269395071e+03 1.499022798850682648e+03
1.770906542001349862e+03 1.496234834040826399e+03
1.849698151735032752e+03 1.493466760288106116e+03
3.740757157934343695e+02 1.464387696087722816e+03
4.592311892905388504e+02 1.461445818877309648e+03
5.440283743154780041e+02 1.458525827027122659e+03
6.284663257536179799e+02 1.455628111367729161e+03
7.125448781171158998e+02 1.452752746593144138e+03
7.962642071481786843e+02 1.449899593922799568e+03
8.796245354652601236e+02 1.447068383490036467e+03
9.626259542637682216e+02 1.444258778994994373e+03
1.045268336357940825e+03 1.441470426876053352e+03
1.127551318761609082e+03 1.438702991999197366e+03
1.209474564270935389e+03 1.435956518006466467e+03
1.291036943054131825e+03 1.433230109614351250e+03
1.372237902499565280e+03 1.430523915827878000e+03
1.453076727114927280e+03 1.427837820436359834e+03
1.533552823919378625e+03 1.425171757147750895e+03
1.613665790306522922e+03 1.422525695129898168e+03
1.693415456812529101e+03 1.419899619858962069e+03
1.772801897009607956e+03 1.417293510002674111e+03
1.851825397708736773e+03 1.414707310975975588e+03
3.717020732799265943e+02 1.381865084447272238e+03
4.571281317338641657e+02 1.379105152593346020e+03
5.421932365502165112e+02 1.376367437849584803e+03
6.268967111885992836e+02 1.373652181954997559e+03
7.112385840557294614e+02 1.370959381319572003e+03
7.952191581642184701e+02 1.368288868889769219e+03
8.788387258422719697e+02 1.365640379333245392e+03
9.620974000959946579e+02 1.363013599718404521e+03
1.044995037561872778e+03 1.360408207615581659e+03
1.127531230950644385e+03 1.357823898323703588e+03
1.209705351513547612e+03 1.355260402726772099e+03
1.291516624392680797e+03 1.352717497106160863e+03
1.372964496719873523e+03 1.350195331447722310e+03
1.454047670297665718e+03 1.347693141011018042e+03
1.534765741468384022e+03 1.345211144617883974e+03
1.615118271843693265e+03 1.342749275494830044e+03
1.695105078931134813e+03 1.340307476876915644e+03
1.774726249123444632e+03 1.337885683616167853e+03
1.853982109704125378e+03 1.335483801435262649e+03
3.693487157785009458e+02 1.298835839214406860e+03
4.550459099499558988e+02 1.296260257341362603e+03
5.403796094243967900e+02 1.293707085473271945e+03
6.253493357871993794e+02 1.291176458624707038e+03
7.099552608457375982e+02 1.288668331850029972e+03
7.941977810270698228e+02 1.286182541286468677e+03
8.780772381817403129e+02 1.283718852193778730e+03
9.615937579450456951e+02 1.281276995791720765e+03
1.044747180208049258e+03 1.278856696484285067e+03
1.127537059270649252e+03 1.276457690869795215e+03
1.209962713927566028e+03 1.274079739766686771e+03
1.292023310110930879e+03 1.271722634333775204e+03
1.373717960812711453e+03 1.269386197229525806e+03
1.455046122847344577e+03 1.267070582995606628e+03
1.536006557556781900e+03 1.264775074389074234e+03
1.616599060085933161e+03 1.262499846684770546e+03
1.696823440358888547e+03 1.260244787803740110e+03
1.776679797937881631e+03 1.258009773988113920e+03
1.856168494830206782e+03 1.255794655222315214e+03
3.670161652140470778e+02 1.215298158036281393e+03
4.529851560686323637e+02 1.212909295347559919e+03
5.385882032346763708e+02 1.210542937963578879e+03
6.238249580347007850e+02 1.208199144754303234e+03
7.086956879386488026e+02 1.205877856312757785e+03
7.932008522079988779e+02 1.203578934997234001e+03
8.773408256694469856e+02 1.201302195747506858e+03
9.611157412760982197e+02 1.199047429088433319e+03
1.044525425584641880e+03 1.196814417560138736e+03
1.127569404357496296e+03 1.194602946658886367e+03
1.210246958229885649e+03 1.192412811234826449e+03
1.292557210800000803e+03 1.190243818170419672e+03
1.374499233639073282e+03 1.188095786054845576e+03
1.456072154607620632e+03 1.185968542473758589e+03
1.537275570787620381e+03 1.183862203232141837e+03
1.618108415245327478e+03 1.181776047554124943e+03
1.698570775656514797e+03 1.179710166785265528e+03
1.778662766452159985e+03 1.177664367060356653e+03
1.858384779403158063e+03 1.175638430488887707e+03
3.647049845732226458e+02 1.131250223833707651e+03
4.509465022655781468e+02 1.129050462529569813e+03
5.368196988349615140e+02 1.126873241063955220e+03
6.223242873450205934e+02 1.124718560530606737e+03
7.074605844323536985e+02 1.122586363616979497e+03
7.922290835104247435e+02 1.120476553302308957e+03
8.766301782175477229e+02 1.118389006223953174e+03
9.606640062276596836e+02 1.116323581722476092e+03
1.044330387087562940e+03 1.114280127441706099e+03
1.127628830889671690e+03 1.112258482241177944e+03
1.210558597376618764e+03 1.110258477073389031e+03
1.293118787541108077e+03 1.108279934385700244e+03
1.375308451965384847e+03 1.106322666525232762e+03
1.457126702070610463e+03 1.104386473553509404e+03
1.538572812145403532e+03 1.102471140814907130e+03
1.619646637752473680e+03 1.100576702732857711e+03
1.700347365926906377e+03 1.098702392292960667e+03
1.780675426836180804e+03 1.096848189324938176e+03
1.860631237174175794e+03 1.095013800379434770e+03
3.624157400267328057e+02 1.046690225748951889e+03
4.489305438626764726e+02 1.044681990865924035e+03
5.350747126371719560e+02 1.042696304362510546e+03
6.208479517181289111e+02 1.040733115125738550e+03
7.062505799906970196e+02 1.038792373703558496e+03
7.912830967201134627e+02 1.036874029136993386e+03
8.759459011889766771e+02 1.034978024489919108e+03
9.602391346396327663e+02 1.033104291667271809e+03
1.044162617676950731e+03 1.031252746020158156e+03
1.127715859501579871e+03 1.029423281155561426e+03
1.210898118191608546e+03 1.027615764297829855e+03
1.293708493770178166e+03 1.025830032487757762e+03
1.376146038023220854e+03 1.024065889851787460e+03
1.458209866996943219e+03 1.022323106127766550e+03
1.539899263837821536e+03 1.020601416593925251e+03
1.621213761164813150e+03 1.018900523513593043e+03
1.702153555936816019e+03 1.017220349315622798e+03
1.782718119465351947e+03 1.015560057041704340e+03
1.862908209671115173e+03 1.013919510428005992e+03
3.601489820598908409e+02 9.616163618654491074e+02
4.469378191309838257e+02 9.598021309587218184e+02
5.333537761739861480e+02 9.580104663583318825e+02
6.193964779645268663e+02 9.562412567443043372e+02
7.050661964632867011e+02 9.544944548851898389e+02
7.903634072007173472e+02 9.527700518887901353e+02
8.752885014093528753e+02 9.510680543347980347e+02
9.598416227943844206e+02 9.493884644418760672e+02
1.044022601542892971e+03 9.477312633734065912e+02
1.127830961461367679e+03 9.460963977453441203e+02
1.211265979043911784e+03 9.444837693652461894e+02
1.294326775849764545e+03 9.428932282029373937e+02
1.377012427844591002e+03 9.413245685695331986e+02
1.459322077368204873e+03 9.397775284621473020e+02
1.541255035161590513e+03 9.382517920158492188e+02
1.622810861445115734e+03 9.367469949918956900e+02
1.703989764724431097e+03 9.352629538479683333e+02
1.784791264136290920e+03 9.337988091423853803e+02
1.865216117400022995e+03 9.323543211531768975e+02
3.579052484263634142e+02 8.760268365459481856e+02
4.449688082696025049e+02 8.744091272054589581e+02
5.316573323765193209e+02 8.728140504526685390e+02
6.179702863486002116e+02 8.712414122133857290e+02
7.039078417733848028e+02 8.696911496289365004e+02
7.894704177338119280e+02 8.681632817993097433e+02
8.746583815104414725e+02 8.666578677690156383e+02
9.594718766718038978e+02 8.651749714492748353e+02
1.043910750548856868e+03 8.637146331682597520e+02
1.127974556458459119e+03 8.622768475422901702e+02
1.211662609023228924e+03 8.608615473646029841e+02
1.294974073572218458e+03 8.594685932140641853e+02
1.377908072935725841e+03 8.580977684935273828e+02
1.460463797001927105e+03 8.567487796161054803e+02
1.542640602213389684e+03 8.554212610670897448e+02
1.624438089775400840e+03 8.541147850793114458e+02
1.705856152750400270e+03 8.528288756701947477e+02
1.786895362223705888e+03 8.515632334244565982e+02
1.867555460480640249e+03 8.503169454607620992e+02
3.556850920873523592e+02 7.899198674679423675e+02
4.430239543371922082e+02 7.885012001608083665e+02
5.299857509820926680e+02 7.871053259926802639e+02
6.165697017258860342e+02 7.857319298320363714e+02
7.027758178280430457e+02 7.843809021262770784e+02
7.886044240539505381e+02 7.830522649816390413e+02
8.740558437673719254e+02 7.817461100466440485e+02
9.591302146058155813e+02 7.804625474109811876e+02
1.043827406077554997e+03 7.792016647787127113e+02
1.128147013873295919e+03 7.779634962201560029e+02
1.212088408742677984e+03 7.767479998505685899e+02
1.295650820488271847e+03 7.755550438257000678e+02
1.378833440015714814e+03 7.743844000842802870e+02
1.461635524482870551e+03 7.732357453055053611e+02
1.544056492444688274e+03 7.721086685855058249e+02
1.626095997522159450e+03 7.710026853706406200e+02
1.707753970559032496e+03 7.699172572171921729e+02
1.789030988366761676e+03 7.688519972603801307e+02
1.869926807095702770e+03 7.678059920761218109e+02
3.534891376875142441e+02 7.032937199963602097e+02
4.411037092526484003e+02 7.020765531531889110e+02
5.283393657805419252e+02 7.008824909082693466e+02
6.151949834987360646e+02 6.997110415441200075e+02
7.016703444126377462e+02 6.985620032824581358e+02
7.877656336979177922e+02 6.974353642948024117e+02
8.734811047231025896e+02 6.963312193030599246e+02
9.588168783255121070e+02 6.952497014750663311e+02
1.043772846965670851e+03 6.941909284186674540e+02
1.128348657930907393e+03 6.931549611701082085e+02
1.212543752896200658e+03 6.921417751585430551e+02
1.296357443923033998e+03 6.911512422085734215e+02
1.379789008424474105e+03 6.901831227171383034e+02
1.462837787782714258e+03 6.892370672100953470e+02
1.545503276206054579e+03 6.883126265476048502e+02
1.627785188085019172e+03 6.874092701063192408e+02
1.709683493578311300e+03 6.865264113205196281e+02
1.791198413452391833e+03 6.856634400140569596e+02
1.872330767915025717e+03 6.848199280677899878e+02
3.513181705542081090e+02 6.161467894691827496e+02
4.392086083613406799e+02 6.151334230687120908e+02
5.267185367352766434e+02 6.141436952489327723e+02
6.138463769933667891e+02 6.131768631895220096e+02
7.005916012638531356e+02 6.122325713787038239e+02
7.869541999750733794e+02 6.113107238747354586e+02
8.729343220393534466e+02 6.104113781973746882e+02
9.585320534698195161e+02 6.095346590195445060e+02
1.043747304281449033e+03 6.086806899826202653e+02
1.128579777171028582e+03 6.078495421003470938e+02
1.213028994693933100e+03 6.070411973470836529e+02
1.297094364503743009e+03 6.062555261464780187e+02
1.380775264734342500e+03 6.054922775874463241e+02
1.464071133820057412e+03 6.047510812960344992e+02
1.546981551000894569e+03 6.040314599849532442e+02
1.629506295477007370e+03 6.033328517878271668e+02
1.711645373686324319e+03 6.026546415629836702e+02
1.793399005506269987e+03 6.019962004224280463e+02
1.874767954409114282e+03 6.013570756223293756e+02
3.491732626930884180e+02 5.284777553332573916e+02
4.373393774876850557e+02 5.276701984764494000e+02
5.251237403810852129e+02 5.268871280959674550e+02
6.125241891718106899e+02 5.261274546711334779e+02
6.995397907734078444e+02 5.253905896636321131e+02
7.861702730743761549e+02 5.246762880504721807e+02
8.724156351748465568e+02 5.239845178109135304e+02
9.582759007813909875e+02 5.233153539721563448e+02
1.043750983773162261e+03 5.226688950296043004e+02
1.128840638700530690e+03 5.220451997514190907e+02
1.213544472292678165e+03 5.214442425550054168e+02
1.297861994979683914e+03 5.208658858061372712e+02
1.381792694019331293e+03 5.203098675406388338e+02
1.465336112097240175e+03 5.197758032448261929e+02
1.548491917275115838e+03 5.192632004552239096e+02
1.631259951926998838e+03 5.187714850511924851e+02
1.713640249855227239e+03 5.183000382168652322e+02
1.795633012141656309e+03 5.178482431419070053e+02
1.877238533488201938e+03 5.174155406147964413e+02
3.470559407960901126e+02 4.402858349128218833e+02
4.354970768682136395e+02 4.396856319998541949e+02
5.235556923085299559e+02 4.391111939501627148e+02
6.112288919381919641e+02 4.385609654014052694e+02
6.985152240621491728e+02 4.380340255654762132e+02
7.854140705554552824e+02 4.375298987251603648e+02
8.719252216707070602e+02 4.370483973259474624e+02
9.580485993142297048e+02 4.365894946685989453e+02
1.043784096897354175e+03 4.361532244804133143e+02
1.129131507729009627e+03 4.357396048924877050e+02
1.214090517329803788e+03 4.353485845782988690e+02
1.298660738063688314e+03 4.349800090171993361e+02
1.382841767144430150e+03 4.346336050363344157e+02
1.466633251419651515e+03 4.343089819574383910e+02
1.550034944400451650e+03 4.340056478321897657e+02
1.633046742821528824e+03 4.337230393924478449e+02
1.715668691614081581e+03 4.334605644708940417e+02
1.797900947577567194e+03 4.332176557643277874e+02
1.879743693269992946e+03 4.329938349170920446e+02
3.449684018834807375e+02 3.515711689867027872e+02
4.336832868870538960e+02 3.511791781023794101e+02
5.220155059990653399e+02 3.508148088372477105e+02
6.099612566837150780e+02 3.504758944219760224e+02
6.975184334834921174e+02 3.501610601420809417e+02
7.846859697282873185e+02 3.498694991301631489e+02
8.714633710210347317e+02 3.496007867479667084e+02
9.578504031314962504e+02 3.493547299274871420e+02
1.043846901424117505e+03 3.491312481778645633e+02
1.129452672925537172e+03 3.489302832730222690e+02
1.214667465656947343e+03 3.487517349162511664e+02
1.299490982965601006e+03 3.485954199341514368e+02
1.383922923332993832e+03 3.484610527855028295e+02
1.467963028555084065e+03 3.483482453824560707e+02
1.551611125318781887e+03 3.482565244135747662e+02
1.634867147071815907e+03 3.481853645322483999e+02
1.717731124729704106e+03 3.481342359312112649e+02
1.800203136210608591e+03 3.481026649656884047e+02
1.882283206060621524e+03 3.480903066152508245e+02
3.429137828764835376e+02 2.623353763643671073e+02
4.319003411234042460e+02 2.621514923211607311e+02
5.205048927805526091e+02 2.619978511011123601e+02
6.087225241427230458e+02 2.618714991891943100e+02
6.965503149698129164e+02 2.617704608656063101e+02
7.839866247111422126e+02 2.616934762296422150e+02
8.710305783257501844e+02 2.616397842011190278e+02
9.576817131262574776e+02 2.616089461913876448e+02
1.043939752713110238e+03 2.616007065427114640e+02
1.129804478173791949e+03 2.616148862057081033e+02
1.215275670354392560e+03 2.616513064622846514e+02
1.300353100219977250e+03 2.617097398087491911e+02
1.385036547151589502e+03 2.617898853928631979e+02
1.469325827523329281e+03 2.618913666517477168e+02
1.553220818100334554e+03 2.620137490268223246e+02
1.636721460731790103e+03 2.621565758392215457e+02
1.719827736512877436e+03 2.623194205961619900e+02
1.802539599083557960e+03 2.625019541671356365e+02
1.884856858045131958e+03 2.627040254200995832e+02
3.408963483125395442e+02 1.725820792007267528e+02
4.301513349576772498e+02 1.726048913085388676e+02
5.190264082349788168e+02 1.726618072446038923e+02
6.075146141076558024e+02 1.727483922616020209e+02
6.956123040288841821e+02 1.728621359457256403e+02
7.833171112722875478e+02 1.730011790329990617e+02
8.706276601649052509e+02 1.731643041884897229e+02
9.575431657698819663e+02 1.733507313358367128e+02
1.044063166859113608e+03 1.735599552088607425e+02
1.130187361344078454e+03 1.737916210133291770e+02
1.215915517087158378e+03 1.740454344849321160e+02
1.301247434331927252e+03 1.743211029910656862e+02
1.386182938917013871e+03 1.746183046520058042e+02
1.470721888017298625e+03 1.749366827542045257e+02
1.554864172427433459e+03 1.752758629972275912e+02
1.638609701401056327e+03 1.756354913585564645e+02
1.721958357816348780e+03 1.760152905792240290e+02
1.804909912983259574e+03 1.764151334700352436e+02
1.887463891765549306e+03 1.768351314146776758e+02
3.389224644965464677e+02 8.231903120441063493e+01
4.284415874164382103e+02 8.254541084761990533e+01
5.175837510146978957e+02 8.281065931512603129e+01
6.063403800784845998e+02 8.310937109569033510e+01
6.947065896336891910e+02 8.343791420952857152e+01
7.826791029104592781e+02 8.379365574186726917e+01
8.702558954008968612e+02 8.417477874313715347e+01
9.574357407818142747e+02 8.458004615686456873e+01
1.044217897020424061e+03 8.500861281336881348e+01
1.130601900744084787e+03 8.545988075580464738e+01
1.216587441839150415e+03 8.593339362725578212e+01
1.302174293675067474e+03 8.642876626702059184e+01
1.387362277377595092e+03 8.694564604438835431e+01
1.472151241244086123e+03 8.748370280223196005e+01
1.556541038744380330e+03 8.804264459369801443e+01
1.640531490619456918e+03 8.862225667574205090e+01
1.724122318409271202e+03 8.922246147588589338e+01
1.807313038340706498e+03 8.984339747556543898e+01
1.890102805912855956e+03 9.048551515700762593e+01
