4.723262489438378680e+02 1.824556891258088854e+03
5.589564171380882271e+02 1.829254268428541991e+03
6.462347952262831541e+02 1.833967571524447521e+03
7.341609699800142153e+02 1.838694561636166782e+03
8.227324913975701293e+02 1.843434434903778310e+03
9.119459720009535886e+02 1.848187363811625346e+03
1.001797833647025072e+03 1.852954068271814322e+03
1.092284730138120267e+03 1.857735427743440823e+03
1.183403683759577916e+03 1.862532147295288496e+03
1.275151985208376118e+03 1.867344492392556049e+03
1.367526919409349603e+03 1.872172109297672250e+03
1.460525394669021352e+03 1.877013950348867183e+03
1.554143569745187506e+03 1.881868326048037034e+03
1.648376592996732597e+03 1.886733108884867988e+03
1.743218590140084416e+03 1.891606117183757078e+03
1.838663062630787181e+03 1.896485711024068678e+03
1.934703887706426030e+03 1.901371636497018017e+03
2.031337144111530961e+03 1.906266159272589448e+03
2.128564024966896795e+03 1.911175533710988248e+03
4.685047111989416635e+02 1.736926712549254489e+03
5.554018696313996770e+02 1.741319642396260178e+03
6.429541655151843997e+02 1.745726942971869448e+03
7.311596207069867432e+02 1.750147389782701794e+03
8.200146317533931324e+02 1.754581006721599351e+03
9.095150674105168491e+02 1.759028642990785784e+03
9.996569971265021195e+02 1.763491574165837847e+03
1.090437077938298444e+03 1.767971137423502569e+03
1.181852637140897741e+03 1.772468412468213046e+03
1.273901499510258418e+03 1.776983961399407690e+03
1.366581621005532270e+03 1.781517642687704665e+03
1.459890605972667345e+03 1.786068516598093538e+03
1.553825202178947620e+03 1.790634861840945632e+03
1.648380887816795848e+03 1.795214325977734688e+03
1.743551687250122995e+03 1.799804235192364331e+03
1.839330378100797589e+03 1.804402092498501588e+03
1.935709281691836622e+03 1.809006297329946165e+03
2.032681862329784508e+03 1.813617123800468789e+03
2.130245398924997062e+03 1.818237999771989735e+03
4.646789536555081668e+02 1.648714724678823131e+03
5.518442014728046843e+02 1.652796616926069646e+03
6.396705867087030128e+02 1.656892263095627186e+03
7.281547604228270529e+02 1.661001202505176479e+03
8.172921202901129618e+02 1.665124049253506655e+03
9.070779123432389497e+02 1.669262111320934764e+03
9.975079478023701540e+02 1.673417028498088712e+03
1.088578961696212446e+03 1.677590437938155674e+03
1.180288649962409181e+03 1.681783677486972010e+03
1.272635433238841188e+03 1.685997538483039989e+03
1.365618008829968403e+03 1.690232081457104869e+03
1.459234767589923649e+03 1.694486530121963824e+03
1.553483169971541884e+03 1.698759261253785098e+03
1.648359195545061539e+03 1.703047910555248563e+03
1.743857003224614346e+03 1.707349617390074627e+03
1.839968965627040916e+03 1.711661434422932871e+03
1.936686270841702026e+03 1.715980931727021698e+03
2.034000318875609764e+03 1.720307028876146433e+03
2.131905178672245711e+03 1.724641092965744065e+03
4.608509637007754236e+02 1.559923365311073212e+03
5.482843258841083980e+02 1.563689079175498136e+03
6.363841491499956646e+02 1.567468691941789075e+03
7.251458995140615116e+02 1.571262271507682271e+03
8.145641151520528638e+02 1.575070795976619820e+03
9.046335183268251967e+02 1.578895821149881385e+03
9.953497272325438416e+02 1.582739161836285575e+03
1.086709593804657743e+03 1.586602594538321910e+03
1.178711203618889158e+03 1.590487590276530227e+03
1.271353585641733389e+03 1.594395087677561833e+03
1.364636193013001275e+03 1.598325317995186651e+03
1.458558231479139295e+03 1.602277695479070417e+03
1.553117929825664987e+03 1.606250788477412470e+03
1.648311866982391166e+03 1.610242388882845944e+03
1.744134493737301000e+03 1.614249700035441037e+03
1.840578013575513296e+03 1.618269666014497716e+03
1.937632817485318355e+03 1.622299468417298158e+03
2.035288702119758909e+03 1.626337220277379856e+03
2.133537140000489671e+03 1.630382890760040027e+03
4.570214212336563833e+02 1.470556661602040549e+03
5.447220372260014756e+02 1.474002064712999982e+03
6.330939915013985910e+02 1.477462128182865399e+03
7.221317465230928292e+02 1.480937235686506483e+03
8.118291093153031852e+02 1.484428521570395105e+03
9.021803595211317770e+02 1.487937592598496394e+03
9.931809629466463321e+02 1.491466258769635488e+03
1.084827896082001644e+03 1.495016279516178884e+03
1.177119617270278923e+03 1.498589132636214799e+03
1.270055731966006078e+03 1.502185814495834620e+03
1.363636413107294402e+03 1.505806681382208581e+03
1.457861653265377072e+03 1.509451343411230027e+03
1.552730443210715976e+03 1.513118624117230638e+03
1.648239992157916504e+03 1.516806600800282013e+03
1.744385128571964742e+03 1.520512742905325013e+03
1.841158047427523115e+03 1.524234168185767203e+03
1.938548600648799493e+03 1.527968039194395033e+03
2.036545362608856067e+03 1.531712125781808709e+03
2.135137742579453970e+03 1.535465562806171874e+03
4.531901860610167887e+02 1.380619316048653445e+03
5.411564689373306010e+02 1.383740861919887948e+03
6.297987224230863603e+02 1.386878325242111487e+03
7.191105869937722446e+02 1.390032222034155666e+03
8.090852602805827019e+02 1.393203660521942311e+03
8.997166472162504078e+02 1.396394122626528315e+03
9.910000820127954739e+02 1.399605250002056664e+03
1.082932647008523190e+03 1.402838639666769041e+03
1.175513123722020964e+03 1.406095655147020352e+03
1.268741623371690594e+03 1.409377260053764076e+03
1.362618957885173359e+03 1.412683882148582597e+03
1.457145828286906180e+03 1.416015317249165491e+03
1.552321925598763073e+03 1.419370683791212286e+03
1.648145060338240683e+03 1.422748440525995193e+03
1.744610460709717245e+03 1.426146481713667072e+03
1.841710407058939836e+03 1.429562326297474556e+03
1.939434401548686765e+03 1.432993419941923776e+03
2.037770107816859763e+03 1.436437571520046276e+03
2.136705336157778675e+03 1.439893548676027876e+03
4.493567341407213007e+02 1.290116134831992895e+03
5.375865070805621144e+02 1.292910477235922599e+03
6.264968044201150406e+02 1.295722386099515006e+03
7.160806308776399192e+02 1.298552362515804361e+03
8.063306945794777221e+02 1.301401338407704998e+03
8.972405852906906603e+02 1.304270522848202290e+03
9.888055116424993685e+02 1.307161248589733077e+03
1.081022622051518738e+03 1.310074822556061235e+03
1.173890944463265214e+03 1.313012384755738367e+03
1.267410992141570205e+03 1.315974780884368329e+03
1.361584096696394681e+03 1.318962454806586265e+03
1.456411545654640349e+03 1.321975368162527275e+03
1.551893620423855737e+03 1.325012955543929593e+03
1.648028651805584559e+03 1.328074125049979557e+03
1.744812234651907602e+03 1.331157315582606770e+03
1.842236771238322490e+03 1.334260623997456150e+03
1.940291544910554194e+03 1.337382017214835741e+03
2.038963562068733381e+03 1.340519646641793997e+03
2.138239442156226687e+03 1.343672284792420442e+03
4.455205306350362662e+02 1.199051757524122195e+03
5.340111486122450515e+02 1.201515420536877173e+03
6.231868901507396004e+02 1.203998596412214511e+03
7.130403199901229527e+02 1.206501666815191811e+03
8.035637798059710803e+02 1.209025275926421045e+03
8.947506005948239363e+02 1.211570246257358349e+03
9.865958620875674114e+02 1.214137490467219095e+03
1.079096723662662043e+03 1.216727921615874038e+03
1.172252361822919511e+03 1.219342364815627889e+03
1.266063561577180735e+03 1.221981473854346859e+03
1.360532023267034447e+03 1.224645657063801991e+03
1.455659462764845102e+03 1.227335017512349850e+03
1.551446601842535074e+03 1.230049313523673845e+03
1.647892167207942748e+03 1.232787946578136598e+03
1.744992041605536770e+03 1.235549984857073923e+03
1.842738738905250102e+03 1.238334232061518833e+03
1.941121407732218813e+03 1.241139352695974821e+03
2.040126605452687272e+03 1.243964066777719836e+03
2.139740126820746809e+03 1.246807428938016528e+03
4.416813262267345408e+02 1.107430636918924392e+03
5.304297921094697585e+02 1.109559759703561440e+03
6.198681002287141837e+02 1.111710545221982329e+03
7.099885858782058676e+02 1.113883200343192811e+03
8.007833558950262614e+02 1.116078015097504931e+03
8.922455413779161972e+02 1.118295352189692721e+03
9.843700863856278147e+02 1.120535628387232691e+03
1.077154096990234848e+03 1.122799288863363927e+03
1.170596785826504174e+03 1.125086775919006641e+03
1.264699059766097207e+03 1.127398493910548268e+03
1.359462812796581147e+03 1.129734772680301830e+03
1.454890002873133199e+03 1.132095832332414602e+03
1.550981610743304827e+03 1.134481752829517291e+03
1.647736600868606729e+03 1.136892452616060837e+03
1.745151029970049422e+03 1.139327681316113740e+03
1.843217477844546920e+03 1.141787032520843013e+03
1.941925008424066618e+03 1.144269983790131846e+03
2.041259907126548796e+03 1.146775972261842753e+03
2.141207483988092918e+03 1.149304515711088698e+03
4.378393614643234741e+02 1.015257206295822925e+03
5.268424471328685286e+02 1.017047381844580627e+03
6.165402301424868483e+02 1.018861470766580396e+03
7.069250471973680305e+02 1.020699504973907892e+03
7.979889162582969675e+02 1.022561404922943098e+03
8.897248359239415549e+02 1.024447046529748377e+03
9.821276107234443771e+02 1.026356315857932941e+03
1.075194226734935455e+03 1.028289151261182951e+03
1.168923812905050681e+03 1.030245572814930711e+03
1.263317236165425129e+03 1.032225699058971259e+03
1.358376393172030703e+03 1.034229751300709722e+03
1.454103278512671523e+03 1.036258046003556274e+03
1.550498928853416146e+03 1.038310976113826882e+03
1.647562365082314955e+03 1.040388982570496637e+03
1.745289680458637122e+03 1.042492517704310558e+03
1.843673452537156209e+03 1.044622002776339286e+03
1.942702690713011862e+03 1.046777782542509158e+03
2.042363570186672860e+03 1.048960080472829759e+03
2.142641247610275968e+03 1.051168959116378574e+03
4.339954620241328485e+02 9.225361584661891357e+02
5.232498466768394110e+02 9.239823855002530308e+02
6.132038723388835706e+02 9.254547555865295863e+02
7.038501342811724726e+02 9.269531864416001099e+02
7.951807281404853711e+02 9.284772700560047269e+02
8.871886024901436940e+02 9.300264201738571046e+02
9.798684282995004651e+02 9.316000034036118223e+02
1.073217009882763705e+03 9.331974521937584086e+02
1.167233273114262829e+03 9.348183578587531883e+02
1.261917879666280669e+03 9.364625418021545329e+02
1.357272531062302505e+03 9.381301030584286309e+02
1.453299043721490534e+03 9.398214402654059541e+02
1.549998296224784553e+03 9.415372461895942706e+02
1.647369173125679708e+03 9.432784729607463987e+02
1.745407656171355256e+03 9.450462662351408198e+02
1.844106244254945523e+03 9.468418666046367207e+02
1.943453918305777279e+03 9.486664767071190454e+02
2.043436907221915135e+03 9.505210926808476870e+02
2.144040556507658039e+03 9.524062988488880137e+02
4.301510056856609481e+02 8.292727463027282511e+02
5.196534452296026529e+02 8.303695132946276090e+02
6.098604377607797460e+02 8.314944800308107915e+02
7.007651270060193838e+02 8.326475769984223234e+02
7.923598801640331430e+02 8.338281704220631809e+02
8.846377004401738304e+02 8.350352928768415950e+02
9.775931485681998083e+02 8.362678532836328031e+02
1.071222798262494734e+03 8.375248230123354460e+02
1.165525261960491889e+03 8.388053945599081089e+02
1.260500836478853671e+03 8.401091089948024546e+02
1.356150833580761173e+03 8.414359480677594547e+02
1.452476678232440918e+03 8.427863865806228887e+02
1.549478877849538776e+03 8.441614002798650063e+02
1.647155989475584875e+03 8.455624242000967570e+02
1.745503739019778777e+03 8.469912560254321079e+02
1.844514477886296390e+03 8.484498986639306395e+02
1.944177198086714725e+03 8.499403358435467908e+02
2.044478367839643397e+03 8.514642341385596183e+02
2.145403896397179778e+03 8.530225644252693655e+02
4.263077394913460694e+02 7.354729979091416681e+02
5.160552828193227697e+02 7.362145177078164124e+02
6.065120591684700457e+02 7.369859261998230977e+02
6.976720902887386728e+02 7.377873645769824407e+02
7.895282434689734146e+02 7.386181420685148851e+02
8.820737111164659154e+02 7.394770516062008028e+02
9.753029926252256701e+02 7.403626604393341495e+02
1.069212403988440883e+03 7.412735708480979611e+02
1.163800152291803670e+03 7.422086456235472269e+02
1.259066025801597789e+03 7.431671924579678716e+02
1.355010766104847335e+03 7.441491008174696162e+02
1.451635206974165158e+03 7.451549242454356090e+02
1.548939285661974964e+03 7.461859003670649599e+02
1.646921056566499374e+03 7.472439001274728980e+02
1.745575865092470394e+03 7.483312969944663564e+02
1.844895871544496913e+03 7.494507459876223265e+02
1.944870151591662761e+03 7.506048614530749319e+02
2.045485641846062208e+03 7.517957814836256603e+02
2.146729247097135612e+03 7.530246057814098322e+02
4.224674229793399718e+02 6.411437209264346393e+02
5.124576930359917242e+02 6.415243336809459151e+02
6.031613563926939605e+02 6.419359050838570511e+02
6.945736895871217484e+02 6.423790600788234997e+02
7.866883311117233006e+02 6.428532895303133046e+02
8.794988354891456765e+02 6.433573521430650999e+02
9.729997242339600234e+02 6.438896466318026341e+02
1.067187059850354217e+03 6.444485476329411995e+02
1.162058580988659742e+03 6.450326981360228729e+02
1.257613450805003822e+03 6.456412504251713926e+02
1.353851686716257518e+03 6.462740466530037793e+02
1.450773358431812994e+03 6.469317292135569915e+02
1.548377662730096517e+03 6.476157700287908483e+02
1.646662008332002642e+03 6.483284067063470957e+02
1.745621272856755240e+03 6.490724722551107106e+02
1.845247426735184945e+03 6.498511036496574889e+02
1.945529756670139705e+03 6.506673130040703654e+02
2.046455964411695277e+03 6.515234034383157677e+02
2.148014465970328274e+03 6.524202098839574546e+02
4.186312705128692642e+02 5.462921494451110220e+02
5.088628303681864509e+02 5.463069103855600588e+02
5.998110412411251673e+02 5.463527578975811139e+02
6.914728665826885390e+02 5.464311522490409061e+02
7.838430384426824276e+02 5.465420774059898577e+02
8.769156939343956765e+02 5.466845296169708490e+02
9.706855045817540031e+02 5.468569711885097604e+02
1.065148325589329488e+03 5.470577411953352112e+02
1.160301404369949068e+03 5.472854139077999207e+02
1.256143201963296406e+03 5.475390946532399994e+02
1.352672897568722647e+03 5.478186416468696507e+02
1.449889665621326458e+03 5.481248010196695759e+02
1.547791837029034696e+03 5.484592408229393641e+02
1.646376081773553778e+03 5.488244681880864846e+02
1.745636779525464590e+03 5.492236120509893453e+02
1.845565778756950522e+03 5.496600518968319875e+02
1.946152783642617123e+03 5.501368708262866676e+02
2.047386652478782935e+03 5.506561088685022014e+02
2.149257942162892959e+03 5.512177898501599884e+02
4.147991625548983166e+02 4.509250633254106333e+02
5.052719892534770452e+02 4.505705304063588983e+02
5.964633370856826105e+02 4.502458580851604211e+02
6.883723527885991871e+02 4.499537745993460476e+02
7.809952450175034073e+02 4.496951433377936382e+02
8.743270116158337260e+02 4.494695376232773469e+02
9.683626572765210767e+02 4.492757751654214644e+02
1.063097929738065432e+03 4.491124020753445620e+02
1.158529615305611742e+03 4.489781151101933574e+02
1.254655449198625092e+03 4.488721094547652228e+02
1.351473713298821394e+03 4.487943378338642333e+02
1.448982613639903093e+03 4.487456650669575993e+02
1.547179552823162794e+03 4.487279003087060119e+02
1.646060438887348710e+03 4.487436871460038219e+02
1.745619202488443534e+03 4.487962294237396463e+02
1.845847729096340345e+03 4.488888281249893453e+02
1.946736452898446259e+03 4.490242018124406513e+02
2.048275904896740030e+03 4.492035600198674956e+02
2.150459560058460738e+03 4.494253955365444426e+02
4.109685922224949763e+02 3.550471831188889382e+02
5.016846839831461011e+02 3.543224174898605270e+02
5.931191851689889063e+02 3.536244128562902915e+02
6.852739961195225078e+02 3.529576806766525578e+02
7.781472561886355379e+02 3.523244258381041618e+02
8.717351708482055983e+02 3.517252061964028371e+02
9.660333283313625543e+02 3.511595456906088657e+02
1.061037535291414997e+03 3.506264889535414113e+02
1.156744213985402212e+03 3.501250838372387761e+02
1.253150418653558518e+03 3.496547765976696382e+02
1.350253546363446048e+03 3.492157026157931341e+02
1.448050837966491827e+03 3.488088534522028112e+02
1.546538788366412518e+03 3.484360987174131878e+02
1.645712612465107213e+03 3.481000386648106542e+02
1.745565944429471983e+03 3.478036605514456596e+02
1.846090983871785738e+03 3.475497686339064103e+02
1.947279343785515721e+03 3.473401541404341515e+02
2.049123902332927173e+03 3.471744676513390004e+02
2.151622014631359889e+03 3.470487519895248170e+02
4.071333095694359372e+02 2.586586139018434096e+02
4.980974549957176123e+02 2.575664035595933683e+02
5.897772063563355687e+02 2.564953320576912574e+02
6.821778724581818096e+02 2.554522922776337737e+02
7.753000598483724843e+02 2.544413680269362885e+02
8.691416094921785316e+02 2.534645758111919349e+02
9.636990239188974101e+02 2.525225533850751845e+02
1.058968415892821440e+03 2.516151808994731027e+02
1.154946023121724920e+03 2.507421186632068384e+02
1.251628349169618332e+03 2.499032435280075788e+02
1.349012008909990300e+03 2.490989636613622906e+02
1.447093377898431299e+03 2.483303889678147698e+02
1.545868169364071036e+03 2.475993316273824121e+02
1.645331090574411974e+03 2.469081081092127761e+02
1.745475762632551550e+03 2.462591105559099560e+02
1.846295124898592121e+03 2.456541115824007875e+02
1.947782587839008556e+03 2.450932622526679552e+02
2.049934246929330129e+03 2.445737382442830494e+02
2.152752526085560930e+03 2.440879839364932877e+02
4.032816217533043073e+02 1.617510778091696011e+02
4.945023631066227381e+02 1.602993915141959178e+02
5.864323833938266262e+02 1.588598972990292850e+02
6.790811509266429766e+02 1.574425495808634423e+02
7.724523708259782779e+02 1.560539219282845806e+02
8.665460418388333892e+02 1.546980273312445888e+02
9.613600064872458688e+02 1.533770776148541017e+02
1.056891027456833399e+03 1.520921655599992164e+02
1.153135437049093071e+03 1.508438511776530504e+02
1.250089422712128453e+03 1.496326312163279226e+02
1.347749030455982393e+03 1.484592683352983613e+02
1.446109989721763668e+03 1.473249534190935037e+02
1.545167488427082844e+03 1.462312712074586898e+02
1.644916055926815488e+03 1.451799357323384356e+02
1.745349745040809466e+03 1.441722579487346820e+02
1.846462842708593598e+03 1.432083033749444212e+02
1.948251382909764743e+03 1.422856924708346469e+02
2.050715785994329053e+03 1.413979908270174519e+02
2.153865006348763927e+03 1.405326299545166648e+02
5.611194133700986413e+02 1.744012999196520468e+03
6.444651546659482619e+02 1.748037428101567912e+03
7.283776123940983780e+02 1.752079043605394872e+03
8.128541993802756451e+02 1.756138099307294169e+03
8.978919271511340412e+02 1.760215540451104516e+03
9.834879925127127080e+02 1.764312687944797744e+03
1.069640106764645452e+03 1.768430948872824047e+03
1.156346594477865665e+03 1.772571561105783758e+03
1.243606295886520684e+03 1.776735380691989121e+03
1.331418315096886090e+03 1.780922721935872232e+03
1.419781665637633296e+03 1.785133261445746484e+03
1.508694875524577583e+03 1.789366018986110703e+03
1.598155626165832246e+03 1.793619429717696676e+03
1.688160513287965159e+03 1.797891524373861557e+03
1.778705033841582235e+03 1.802180236129074046e+03
1.869783920792717709e+03 1.806483855390948520e+03
1.961391968100008853e+03 1.810801656521090536e+03
2.053525511323767660e+03 1.815134723594348543e+03
2.146184755553335890e+03 1.819487005776738897e+03
5.579277977202222019e+02 1.659804592586637909e+03
6.415160577724572022e+02 1.663554008370305382e+03
7.256746456719054095e+02 1.667320521664099260e+03
8.104001490101594527e+02 1.671104871836510483e+03
8.956890536726418759e+02 1.674908382702769359e+03
9.815383200583519283e+02 1.678732674745993791e+03
1.067945690671566354e+03 1.682579399185295642e+03
1.154909755624525360e+03 1.686450000615610406e+03
1.242429809759223190e+03 1.690345515919653963e+03
1.330505543308095184e+03 1.694266418256914903e+03
1.419136617410792269e+03 1.698212516183098614e+03
1.508322186548250102e+03 1.702182919362924167e+03
1.598060442226415262e+03 1.706176083928230128e+03
1.688348266242298678e+03 1.710189952322514046e+03
1.779181097820652667e+03 1.714222204484997064e+03
1.870553137072993877e+03 1.718270639486987875e+03
1.962458027883690647e+03 1.722333709268273196e+03
2.054890186784519756e+03 1.726411228961779898e+03
2.147846970989169222e+03 1.730505291474117257e+03
5.547275588446227630e+02 1.575089054397648397e+03
6.385580131254261005e+02 1.578560034649760382e+03
7.229619955435932752e+02 1.582048458721657198e+03
8.079353812612466754e+02 1.585555371833512027e+03
8.934742127743126048e+02 1.589082308675509921e+03
9.795752705247798531e+02 1.592631038248238383e+03
1.066236364125372575e+03 1.596203326086191055e+03
1.153456370413618970e+03 1.599800719706351856e+03
1.241235051776810224e+03 1.603424363993254246e+03
1.329572696470985875e+03 1.607074854217964003e+03
1.418469632142050386e+03 1.610752135505036222e+03
1.507925674609570478e+03 1.614455458824266998e+03
1.597939586378091462e+03 1.618183405009995568e+03
1.688508633503460032e+03 1.621933989918793941e+03
1.779628345593811673e+03 1.625704865647421684e+03
1.871292602124842688e+03 1.629493634769962227e+03
1.963494189185171308e+03 1.633298296841431238e+03
2.056225994561517837e+03 1.637117848982910346e+03
2.149483036083396655e+03 1.640953065241121294e+03
5.515182976357964435e+02 1.489870088870247173e+03
6.355900876821523298e+02 1.493059941291874566e+03
7.202383750584760946e+02 1.496267917886661053e+03
8.054584259344879911e+02 1.499495203793169821e+03
8.912459076977147561e+02 1.502743387786669928e+03
9.775974587325467837e+02 1.506014243903688111e+03
1.064510968575608103e+03 1.509309526140838670e+03
1.151985594412598857e+03 1.512630781181159364e+03
1.240021547171519614e+03 1.515979184862014790e+03
1.328619688829958477e+03 1.519355408963418085e+03
1.417780992139122873e+03 1.522759525877033184e+03
1.507505924942228376e+03 1.526190959828171344e+03
1.597793833818117946e+03 1.529648494581301748e+03
1.688642416123756902e+03 1.533130348981134375e+03
1.780047385877981469e+03 1.536634333285128150e+03
1.872002457587919707e+03 1.540158101050311643e+03
1.964499793364220295e+03 1.543699513370645718e+03
2.057531082830917967e+03 1.547257134546362522e+03
2.151089452777741826e+03 1.550830880831915238e+03
5.482990379435785826e+02 1.404151598408275504e+03
6.326108787140013874e+02 1.407058045671961963e+03
7.175021171336362613e+02 1.409983555059814762e+03
8.029675075803622804e+02 1.412929304404426603e+03
8.890023998560725431e+02 1.415896795401567942e+03
9.756033129500724499e+02 1.418887675919542744e+03
1.062768209488100410e+03 1.421903571200286251e+03
1.150496496654323664e+03 1.424945928007351540e+03
1.238788786739197803e+03 1.428015876425471561e+03
1.327646458921810336e+03 1.431114114756763229e+03
1.417071073593710253e+03 1.434240823801006400e+03
1.507063701643630793e+03 1.437395617764378585e+03
1.597624243841660473e+03 1.440577540126273334e+03
1.688750830003272540e+03 1.443785114022800826e+03
1.780439404220327788e+03 1.447016458095095913e+03
1.872683621388345500e+03 1.450269480319501554e+03
1.965475201839631154e+03 1.453542164105656411e+03
2.058804915447804888e+03 1.456832962940507969e+03
2.152664394477518272e+03 1.460141322096515523e+03
5.450685554334444305e+02 1.317937227284761548e+03
6.296188187103821292e+02 1.320558113536608062e+03
7.147514509703303247e+02 1.323199200647283078e+03
8.004607890820520879e+02 1.325861535234270377e+03
8.867419154395965961e+02 1.328546410954160365e+03
9.735912405931510420e+02 1.331255235119528606e+03
1.061006777445175885e+03 1.333989400120481378e+03
1.148988132699627840e+03 1.336750162794933885e+03
1.237536248704560194e+03 1.339538535426864655e+03
1.326652937389764247e+03 1.342355192664091419e+03
1.416340257827068399e+03 1.345200399346211498e+03
1.506599800206848613e+03 1.348073965030158888e+03
1.597431951927319687e+03 1.350975231907368652e+03
1.688835236254462416e+03 1.353903103836188166e+03
1.780805830877903645e+03 1.356856125380702679e+03
1.873337392939103211e+03 1.359832621069053403e+03
1.966421339052968960e+03 1.362830906578669101e+03
2.060047753828777786e+03 1.365849585242897319e+03
2.154207128807376648e+03 1.368887945175388268e+03
5.418256658816789013e+02 1.231230150948502114e+03
6.266124451003388458e+02 1.233563182180460899e+03
7.119847485756922651e+02 1.235917710934140814e+03
7.979365905611439302e+02 1.238294556483454926e+03
8.844628325148687509e+02 1.240694708106541384e+03
9.715597795712692459e+02 1.243119239338785746e+03
1.059225460056101610e+03 1.245569223005727736e+03
1.147459613716300282e+03 1.248045649251830355e+03
1.236263421886993456e+03 1.250549349198436630e+03
1.325639021498662032e+03 1.253080927344284191e+03
1.415588854796141277e+03 1.255640706373003468e+03
1.506114918077703805e+03 1.258228688663116372e+03
1.597217985868629057e+03 1.260844539517412841e+03
1.688896901946025537e+03 1.263487597951459065e+03
1.781148045784292435e+03 1.266156921817969078e+03
1.873965102577933749e+03 1.268851375108783031e+03
1.967339287338560098e+03 1.271569766484723232e+03
2.061260286352265666e+03 1.274310789985826659e+03
2.155717576907309194e+03 1.277074339184728160e+03
5.385694650335464075e+02 1.144033075506146588e+03
6.235906277443884846e+02 1.146075606140272157e+03
7.092007351800244805e+02 1.148141053860045304e+03
7.953935782477492467e+02 1.150229946546377960e+03
8.821638441285424506e+02 1.152342901602311940e+03
9.695077316793766613e+02 1.154480590857692050e+03
1.057423241988305563e+03 1.156643702255428934e+03
1.145910169824430341e+03 1.158832899585933774e+03
1.234969829388044673e+03 1.161048781831744236e+03
1.324604556580181224e+03 1.163291844027575280e+03
1.414817040138543462e+03 1.165562441938591292e+03
1.505609545612226157e+03 1.167860763318874433e+03
1.596983109477495873e+03 1.170186809041030074e+03
1.688936795963482382e+03 1.172540387995762103e+03
1.781467126620476847e+03 1.174921130357167840e+03
1.874567936046247269e+03 1.177328287986596933e+03
1.968230045138697278e+03 1.179761752205555467e+03
2.062442887047497152e+03 1.182220724972888547e+03
2.157195613216611491e+03 1.184704830364045165e+03
5.352995111703952489e+02 1.056348404814881178e+03
6.205527462565069072e+02 1.058097282878115948e+03
7.063986565375585087e+02 1.059870586637897759e+03
7.928309172476681397e+02 1.061668524712268891e+03
8.798440923127967608e+02 1.063491307970078878e+03
9.674342739209455431e+02 1.065339167767462641e+03
1.055599390021130603e+03 1.067212366955399830e+03
1.144339205657616958e+03 1.069111203949448736e+03
1.233655051834459755e+03 1.071036010321727872e+03
1.323549324568164138e+03 1.072987142576395399e+03
1.414024807090384684e+03 1.074964969007874288e+03
1.505083879996353971e+03 1.076969852821417589e+03
1.596727697710306984e+03 1.079002133024195473e+03
1.688955586757572519e+03 1.081061886125655519e+03
1.781763785567040031e+03 1.083149789753759933e+03
1.875146195920393438e+03 1.085265779063227910e+03
1.969093837762786734e+03 1.087409936725710622e+03
2.063595848375740843e+03 1.089582275629107926e+03
2.158641148769594565e+03 1.091782764451015055e+03
5.320159404334322062e+02 9.681785245542924940e+02
6.174988082146976467e+02 9.696300077665013077e+02
7.035783951967752046e+02 9.711074743949914136e+02
7.902483813406513491e+02 9.726108259714418409e+02
8.775032671983310593e+02 9.741398687370054859e+02
9.653390430675790412e+02 9.756943875295354474e+02
1.053753519558954395e+03 9.772742083772030810e+02
1.142746345745347980e+03 9.788792490827717074e+02
1.232318748992690416e+03 9.805095571203054305e+02
1.322473039698570801e+03 9.821653342192421405e+02
1.413211934664375804e+03 9.838469470825757526e+02
1.504537764889626942e+03 9.855549237795620456e+02
1.596451825918036775e+03 9.872897372818608801e+02
1.688952871744503227e+03 9.890525710575517451e+02
1.782037662674256808e+03 9.908440631788746487e+02
1.875699889492337888e+03 9.926650561194841202e+02
1.969930555660421305e+03 9.945163148955016368e+02
2.064718806674750340e+03 9.963984369407941131e+02
2.160053626667750905e+03 9.983117498503631850e+02
5.287195037235908330e+02 8.795261435353693287e+02
6.144294981966615978e+02 8.806758984658274585e+02
7.007405268146355866e+02 8.818531896717188374e+02
7.876464120461265566e+02 8.830576674124924921e+02
8.751416646614945876e+02 8.842887751888604271e+02
9.632221881045426244e+02 8.855458812086012585e+02
1.051885638513156209e+03 8.868283943941945608e+02
1.141131466928751706e+03 8.881358631727752027e+02
1.230960678318303053e+03 8.894680551891400455e+02
1.321375351343602233e+03 8.908250159811900630e+02
1.412377973525866082e+03 8.922071045552007718e+02
1.503970855457891275e+03 8.936148243399214834e+02
1.596154500309705782e+03 8.950495295444484327e+02
1.688928101809577356e+03 8.965122826499093662e+02
1.782288097612645743e+03 8.980045125178760372e+02
1.876228125159916999e+03 8.995277137089065036e+02
1.970739229104989590e+03 9.010832946993066344e+02
2.065810733057548077e+03 9.026723859659421123e+02
2.161431996319948666e+03 9.042956052408660526e+02
5.254115126249381547e+02 7.903946222196211693e+02
6.113461463223918599e+02 7.912378183657364161e+02
6.978863064557995131e+02 7.921100220482903751e+02
7.850261181856030817e+02 7.930107349732867306e+02
8.727601950560881505e+02 7.939391228179903237e+02
9.610843844720868674e+02 7.948942057775161629e+02
1.049996163865485187e+03 7.958750293390596653e+02
1.139494714574216232e+03 7.968808124372785642e+02
1.229580708712375554e+03 7.979110699009426071e+02
1.320255853822507333e+03 7.989657058377390513e+02
1.411522467636930969e+03 8.000449124256235791e+02
1.503381825509459304e+03 8.011498477503257618e+02
1.595834745549285344e+03 8.022816281491833479e+02
1.688879907527534215e+03 8.034419336002636101e+02
1.782513549327737564e+03 8.046327258357817982e+02
1.876729240583960291e+03 8.058560794231575528e+02
1.971518143856229244e+03 8.071139510461766804e+02
2.066869956714001091e+03 8.084078806843704115e+02
2.162774760446982327e+03 8.097386179009286025e+02
5.220936802689697060e+02 7.007882068174477581e+02
6.082506035843598511e+02 7.013197169982277046e+02
6.950175735505738430e+02 7.018815152331401350e+02
7.823892060426946955e+02 7.024731071844980761e+02
8.703603345969765996e+02 7.030935112738965245e+02
9.589268031802333780e+02 7.037415093465781410e+02
1.048085905551262613e+03 7.044158730451912334e+02
1.137836498840762488e+03 7.051155619095826523e+02
1.228178827422116456e+03 7.058398888249528227e+02
1.319114102879353595e+03 7.065886480074786959e+02
1.410644107611459049e+03 7.073620610433861202e+02
1.502769603176524470e+03 7.081613758141054404e+02
1.595490916382422483e+03 7.089879960163082160e+02
1.688806328874949713e+03 7.098439755020976918e+02
1.782711819683762769e+03 7.107317230880119041e+02
1.877200903216446932e+03 7.116537746717406208e+02
1.972264970331878203e+03 7.126124780448196816e+02
2.067894330568346049e+03 7.136095802720878964e+02
2.164080186789707113e+03 7.146457065466736367e+02
5.187678413530759371e+02 6.107120742524494972e+02
6.051450096835252452e+02 6.109267920579932252e+02
6.921365627701751464e+02 6.111727354694080532e+02
7.797378289599400887e+02 6.114496188462903774e+02
8.679440098608183689e+02 6.117564916949793314e+02
9.567510269399772369e+02 6.120920499770770675e+02
1.046156011541044791e+03 6.124549183455638968e+02
1.136157466680693688e+03 6.128438981308690927e+02
1.226755137639263921e+03 6.132581753461267908e+02
1.317949871351584761e+03 6.136973590203614322e+02
1.409742097390240815e+03 6.141620882702914059e+02
1.502132637930488727e+03 6.146533227893617095e+02
1.595120987127057106e+03 6.151728310566364826e+02
1.688704951184574838e+03 6.157229592856051568e+02
1.782880226510685134e+03 6.163064399997142573e+02
1.877640326565697023e+03 6.169260992685152587e+02
1.972977030776146421e+03 6.175844497754245594e+02
2.068881558766408943e+03 6.182831555542940123e+02
2.165346707251650969e+03 6.190223527685375302e+02
5.154355336312142981e+02 5.201720785407144376e+02
6.020314373497170664e+02 5.200653627029685140e+02
6.892456065000973240e+02 5.199902599119128581e+02
7.770743438025453997e+02 5.199469521153172309e+02
8.655134046365662925e+02 5.199347475577818614e+02
9.545589044057021511e+02 5.199524526974494165e+02
1.044207867144596776e+03 5.199987099395989389e+02
1.134458444601313204e+03 5.200722947497804398e+02
1.225309843911622693e+03 5.201723649882379732e+02
1.316762240603389728e+03 5.202985518987496789e+02
1.408815339646070470e+03 5.204515040882703261e+02
1.501469222253352655e+03 5.206323123046862520e+02
1.594722718434551552e+03 5.208429038003824871e+02
1.688573125510811906e+03 5.210858063246240590e+02
1.783015883529451912e+03 5.213639088291442931e+02
1.878044617209820444e+03 5.216800961957713980e+02
1.973651722631951543e+03 5.220367413698992323e+02
2.069829707608362696e+03 5.224350364741541171e+02
2.166573529736335331e+03 5.228741424818939549e+02
5.120974210897578587e+02 4.291740725464094339e+02
5.989113951902971849e+02 4.287423269554996068e+02
6.863467128355259774e+02 4.283417564907127826e+02
7.744009601481525351e+02 4.279733250389657542e+02
8.630706769815406005e+02 4.276368774143757037e+02
9.523523324503038339e+02 4.273315712259043266e+02
1.042242940601279543e+03 4.270562690504835928e+02
1.132740346480176868e+03 4.268098831402708129e+02
1.223843476293866615e+03 4.265915768564938162e+02
1.315551046140507651e+03 4.264013402227333245e+02
1.407862756728442037e+03 4.262396000809410452e+02
1.500777656638393637e+03 4.261076398701209200e+02
1.594293894327987800e+03 4.260074632467213860e+02
1.688408283485993479e+03 4.259416326018044856e+02
1.783116100396062848e+03 4.259129739431800772e+02
1.878411269155880063e+03 4.259241296048166987e+02
1.974287118287517842e+03 4.259769381546423119e+02
2.070737923909470283e+03 4.260716185577492752e+02
2.167761490736779706e+03 4.262057330935558639e+02
5.087525366862118972e+02 3.377226604225113533e+02
5.957851689626103280e+02 3.369640570610348504e+02
6.834410010694490438e+02 3.362350074817576342e+02
7.717192663123694274e+02 3.355376279234529875e+02
8.606175728032814050e+02 3.348726278590966103e+02
9.501329550830408834e+02 3.342398004689466688e+02
1.040262565945004553e+03 3.336384674280069476e+02
1.131004039898226893e+03 3.330678688185225838e+02
1.222355820464365479e+03 3.325274205094464151e+02
1.314315965588107247e+03 3.320172351916755815e+02
1.406883414999226034e+03 3.315378661663755793e+02
1.500056466482078349e+03 3.310906426025085239e+02
1.593832637249111485e+03 3.306775332397628517e+02
1.688208357729812633e+03 3.303009434575467367e+02
1.783178917456944873e+03 3.299633545249126882e+02
1.878738823887200624e+03 3.296667827101967987e+02
1.974882763532101990e+03 3.294120333584677383e+02
2.071607387382991419e+03 3.291977221944512166e+02
2.168914179824964776e+03 3.290190329508632203e+02
5.053973199411356063e+02 2.458192150916524952e+02
5.926509787827053515e+02 2.447345653437629380e+02
6.805279744748950179e+02 2.436762073002063289e+02
7.690296143745595145e+02 2.426478358045461619e+02
8.581549205770179469e+02 2.416514025079003432e+02
9.479017661565194430e+02 2.406876628378653322e+02
1.038267652927778499e+03 2.397566707239457173e+02
1.129250163524341588e+03 2.388582103775607948e+02
1.220847379710405676e+03 2.379921049187067865e+02
1.313056794960680463e+03 2.371586802836161496e+02
1.405876677777923760e+03 2.363586330251893060e+02
1.499304675773949384e+03 2.355932762705818959e+02
1.593337809533149084e+03 2.348643943509557630e+02
1.687972319946717107e+03 2.341739883306300953e+02
1.783203791289845412e+03 2.335238377693093526e+02
1.879027716358994894e+03 2.329148523660460341e+02
1.975440699438408956e+03 2.323461840525344542e+02
2.072442526518909290e+03 2.318140666819585931e+02
2.170039370599608901e+03 2.313103466637942347e+02
5.020244218099597902e+02 1.534589716067969221e+02
5.895039271427759786e+02 1.520527491594923504e+02
6.776046077768141913e+02 1.506673406423562938e+02
7.663303442080842842e+02 1.493085004209365252e+02
8.556819899061708838e+02 1.479798473950870630e+02
9.456586013779888162e+02 1.466834655042341637e+02
1.036258312440213558e+03 1.454204447684123807e+02
1.127478887040346535e+03 1.441913505443235408e+02
1.219318243498209085e+03 1.429965777496803412e+02
1.311773485990329391e+03 1.418367528251153544e+02
1.404842388440535160e+03 1.407127158259979751e+02
1.498522142834164470e+03 1.396256697584888116e+02
1.592809510474271747e+03 1.385770153941410854e+02
1.687700850015446349e+03 1.375680331407513677e+02
1.783192448727055762e+03 1.365993532005217048e+02
1.879281329308065779e+03 1.356701833607493199e+02
1.975966735010201774e+03 1.347772601369549648e+02
2.073252530603671403e+03 1.339134849582251263e+02
2.171150796411060583e+03 1.330662026082675311e+02
6.431681623292851100e+02 1.669587465785502900e+03
7.234058852377069115e+02 1.673055048831462500e+03
8.041390892899541996e+02 1.676543313765964285e+03
8.853652104393638638e+02 1.680053547235806263e+03
9.670820805151123523e+02 1.683587300558139759e+03
1.049288190215477016e+03 1.687146176058397941e+03
1.131982767372092439e+03 1.690731635366806586e+03
1.215165694573534211e+03 1.694344834841568172e+03
1.298837295433670761e+03 1.697986494006854628e+03
1.382998024715763677e+03 1.701656803708076950e+03
1.467648104277054244e+03 1.705355381606371338e+03
1.552787154491631100e+03 1.709081283671061783e+03
1.638413879566555579e+03 1.712833081496087289e+03
1.724525875126603296e+03 1.716609016578838691e+03
1.811119637761919648e+03 1.720407244173558411e+03
1.898190869083553935e+03 1.724226180984280290e+03
1.985735181407087111e+03 1.728064972813730719e+03
2.073749328699044781e+03 1.731924100356435702e+03
2.162233105113187776e+03 1.735806143640053733e+03
6.404940056965004942e+02 1.588601009751524771e+03
7.209499207276504649e+02 1.591821800904404199e+03
8.019032274800593996e+02 1.595063642984614035e+03
8.833509839081193604e+02 1.598328003917037222e+03
9.652908557921217607e+02 1.601616562957825408e+03
1.047721366707663037e+03 1.604931018669105015e+03
1.130641955633458565e+03 1.608272915033106074e+03
1.214052866124213551e+03 1.611643490235477429e+03
1.297954896205493924e+03 1.615043553293246532e+03
1.382349044115446532e+03 1.618473394434434795e+03
1.467236091825005133e+03 1.621932735963701816e+03
1.552616176027427173e+03 1.625420731282750239e+03
1.638488405126608086e+03 1.628936020787732559e+03
1.724850590813567123e+03 1.632476854552172654e+03
1.811699174260284963e+03 1.636041293037776541e+03
1.899029439956422721e+03 1.639627498573503544e+03
1.986836124964321243e+03 1.643234132023498205e+03
2.075114548090367862e+03 1.646860870946979048e+03
2.163862402410241430e+03 1.650509067660036180e+03
6.378054433251577393e+02 1.507172234264554390e+03
7.184788190691841692e+02 1.510144422274235922e+03
7.996513788203731110e+02 1.513138176028399130e+03
8.813198601553357321e+02 1.516155018591549606e+03
9.634817972971495692e+02 1.519196641521862830e+03
1.046135761864589767e+03 1.522264737461544883e+03
1.129281404006573212e+03 1.525360847144659601e+03
1.212919317737933625e+03 1.528486224711582508e+03
1.297050759562994244e+03 1.531641725789356769e+03
1.381677255491213828e+03 1.534827723444338972e+03
1.466800138417656399e+03 1.538044057846832629e+03
1.552420065675882142e+03 1.541290026317007914e+03
1.638536575501598463e+03 1.544564421358471691e+03
1.725147751316927042e+03 1.547865625342698877e+03
1.812250074319168789e+03 1.551191771697839840e+03
1.899838558015018862e+03 1.554540983794211570e+03
1.987907273282533879e+03 1.557911704222709432e+03
2.076450389492872546e+03 1.561303128849812310e+03
2.165463876431464541e+03 1.564715761924018352e+03
6.351011195447723594e+02 1.425304366111190120e+03
7.159910050570515523e+02 1.428026444738903137e+03
7.973818744616196454e+02 1.430770699488060245e+03
8.792701938247398630e+02 1.433538594232692503e+03
9.616533884578816469e+02 1.436331726603734751e+03
1.044530078296414331e+03 1.439151687982646763e+03
1.127900106802590926e+03 1.441999934266862056e+03
1.211764387151971050e+03 1.444877670651144399e+03
1.296124594780106690e+03 1.447785754161832529e+03
1.380982741442140423e+03 1.450724618241798453e+03
1.466340672877177440e+03 1.453694224320958028e+03
1.552199540089939546e+03 1.456694046029413812e+03
1.638559303296482085e+03 1.459723092527805193e+03
1.725418337876553778e+03 1.462779978353309389e+03
1.812773223397726497e+03 1.465863048222255202e+03
1.900618810110192044e+03 1.468970566405104819e+03
1.988948672461836395e+03 1.472100981611586803e+03
2.077756076380058403e+03 1.475253279809727019e+03
2.167035606565082617e+03 1.478427439070650962e+03
6.323795076758905225e+02 1.343000170804747540e+03
7.134847852595218001e+02 1.345470719036742366e+03
7.950929658979364376e+02 1.347964118359592248e+03
8.772002866987953666e+02 1.350481674099805559e+03
9.598040773736228175e+02 1.353024796278682743e+03
1.042902994158288948e+03 1.355594889597950669e+03
1.126497040803964865e+03 1.358193250605800131e+03
1.210587400396994553e+03 1.360820974635313405e+03
1.295176107138797533e+03 1.363478875521136388e+03
1.380265593359347577e+03 1.366167421572683224e+03
1.465858154057382535e+03 1.368886691820332544e+03
1.551955379277731936e+03 1.371636357162977902e+03
1.638557613786030743e+03 1.374415691739758586e+03
1.725663513934725870e+03 1.377223620635659699e+03
1.813269783500499216e+03 1.380058810920752194e+03
1.901371183800712743e+03 1.382919814028260362e+03
1.989960928775585216e+03 1.385805268610640042e+03
2.079031593188159604e+03 1.388714174290243136e+03
2.168576681906946760e+03 1.391646248158258913e+03
6.296391281359000232e+02 1.260261778576433244e+03
7.109585474449077083e+02 1.262479261389074964e+03
7.927830026915797816e+02 1.264720318999060055e+03
8.751085408475516942e+02 1.266986016858173798e+03
9.579324026715356695e+02 1.269277499256792453e+03
1.041253259164769133e+03 1.271595911682252790e+03
1.125071229067299100e+03 1.273942326796852512e+03
1.209387701212022193e+03 1.276317675965644185e+03
1.294204990989168891e+03 1.278722688596963053e+03
1.379525866392156104e+03 1.281157841940154412e+03
1.465352986225924724e+03 1.283623324421439065e+03
1.551688301184201464e+03 1.286119016097046142e+03
1.638532477780455338e+03 1.288644490370315680e+03
1.725884415703192190e+03 1.291199041764796675e+03
1.813740941232256773e+03 1.293781745277894288e+03
1.902096773092071544e+03 1.296391553669689301e+03
1.990944872745513976e+03 1.299027439980731515e+03
2.080277308888631978e+03 1.301688593633711889e+03
2.170086786059276164e+03 1.304374679671102967e+03
6.268787353788987957e+02 1.177090683984683437e+03
7.084109331466397634e+02 1.179053281807907069e+03
7.904505876016091861e+02 1.181040221682203310e+03
8.729935934259549413e+02 1.183052268821539428e+03
9.560371052544338681e+02 1.185090242097974169e+03
1.039579780758626612e+03 1.187154970934433095e+03
1.123621799186091039e+03 1.189247252261801350e+03
1.208164679292125811e+03 1.191367808796040890e+03
1.293210926109458569e+03 1.193517250140297620e+03
1.378763542304825933e+03 1.195696038504823264e+03
1.464825447083152767e+03 1.197904461169012848e+03
1.551398853845594203e+03 1.200142612190606542e+03
1.638484667228194439e+03 1.202410386303404493e+03
1.726081970901298746e+03 1.204707488443679949e+03
1.814187689772889371e+03 1.207033462914671418e+03
1.902796524209265499e+03 1.209387746846722166e+03
1.991901269784473698e+03 1.211769753347533424e+03
2.081493654141734623e+03 1.214178990573255760e+03
2.171565843070064602e+03 1.216615223898754039e+03
6.240974684775321748e+02 1.093487889453408798e+03
7.058409787708152408e+02 1.095193364457081088e+03
7.880947051236162224e+02 1.096923992987994325e+03
8.708544297389846633e+02 1.098680203417672601e+03
9.541172231830992132e+02 1.100462450658269745e+03
1.037881698314308323e+03 1.102271209519269632e+03
1.122148034547097723e+03 1.104106964551667261e+03
1.206917796575261036e+03 1.105970196945048883e+03
1.292193577267184992e+03 1.107861369206027803e+03
1.377978500845641975e+03 1.109780908537481764e+03
1.464275629789285176e+03 1.111729190060875226e+03
1.551087327271847926e+03 1.113706521283040956e+03
1.638414636532201939e+03 1.115713129508962083e+03
1.726256749505651669e+03 1.117749154248914692e+03
1.814610649525131066e+03 1.119814647067825717e+03
1.903471027122667920e+03 1.121909581783820840e+03
1.992830584152649408e+03 1.124033878449261238e+03
2.082680859871279154e+03 1.126187445149683072e+03
2.173013733522481743e+03 1.128370242343468135e+03
6.212949595025775125e+02 1.009454157941940252e+03
7.032482200611710823e+02 1.010899765196516796e+03
7.857148189235967948e+02 1.012371383009734700e+03
8.686904707369158132e+02 1.013869092698519808e+03
9.521721665481074979e+02 1.015392970347544406e+03
1.036158442939769429e+03 1.016943118311819603e+03
1.120649416871793164e+03 1.018519689579376063e+03
1.205646610609473100e+03 1.020122904849913084e+03
1.291152596797991237e+03 1.021753062258989644e+03
1.377170500249473662e+03 1.023410539767883051e+03
1.463703400459000704e+03 1.025095790349358822e+03
1.550753687391828407e+03 1.026809330232271122e+03
1.638322432833360153e+03 1.028551720626620181e+03
1.726408850731825851e+03 1.030323543539285083e+03
1.815009932676590779e+03 1.032125372513486582e+03
1.904120359149993419e+03 1.033957739387069296e+03
1.993732803699349006e+03 1.035821098471434880e+03
2.083838765957011674e+03 1.037715789910645526e+03
2.174430090778861540e+03 1.039642004395828053e+03
6.184713931242454237e+02 9.249903341838544293e+02
7.006327540745512579e+02 9.261727856120952538e+02
7.833109330590785930e+02 9.273821465019241259e+02
8.665016305872813973e+02 9.286181697455210724e+02
9.502017687471720819e+02 9.298805637243281126e+02
1.034409780081039798e+03 9.311690633739151508e+02
1.119125658057596411e+03 9.324834903997229958e+02
1.204350793850983109e+03 9.338238017669996225e+02
1.290087629917781669e+03 9.351901255691179813e+02
1.376339167487913755e+03 9.365827833645645342e+02
1.463108372673993244e+03 9.380022980656931395e+02
1.550397534591321801e+03 9.394493864633633393e+02
1.638207638818619444e+03 9.409249354828419882e+02
1.726537830887660675e+03 9.424299612899022804e+02
1.815385057458342999e+03 9.439655504045115322e+02
1.904743987627157367e+03 9.455327820356587836e+02
1.994607333669353920e+03 9.471326309281016620e+02
2.084966709693928806e+03 9.487658501138231486e+02
2.175814188492254289e+03 9.504328330921067618e+02
6.156275100394535684e+02 8.400976874246163106e+02
6.979952520773451852e+02 8.410131762524571286e+02
7.808836112176554707e+02 8.419565004081484858e+02
8.642883393893688435e+02 8.429271340678786828e+02
9.482063100884668074e+02 8.439244571022121590e+02
1.032635831726651077e+03 8.449478668331256586e+02
1.117576719018276435e+03 8.459968751170599717e+02
1.203030147524207678e+03 8.470711891176649715e+02
1.288998322364390333e+03 8.481707740160180720e+02
1.375483998866518959e+03 8.492958957833022851e+02
1.462489900659413252e+03 8.504471420112412261e+02
1.550018089584664722e+03 8.516254186592022961e+02
1.638069351944243863e+03 8.528319204340084525e+02
1.726642677199137324e+03 8.540680723695436427e+02
1.815734918479920907e+03 8.553354400187414512e+02
1.905340739382770153e+03 8.566356055112265722e+02
1.995452968748073999e+03 8.579700065666544333e+02
2.086063504726221254e+03 8.593397353878200420e+02
2.177164931730924764e+03 8.607452941903395640e+02
6.127645459127428467e+02 7.547782212460629125e+02
6.953369159419667085e+02 7.554225143631967967e+02
7.784339474595578849e+02 7.560955626871237882e+02
8.620515254445543860e+02 7.567966444569872237e+02
9.461865090821768263e+02 7.575248800914639560e+02
1.030837074548941018e+03 7.582793854572041710e+02
1.116002812864882344e+03 7.590594064861213610e+02
1.201684608423198142e+03 7.598644327140661971e+02
1.287884329824810493e+03 7.606942870963680434e+02
1.374604371545168078e+03 7.615491892189915006e+02
1.461847092869136532e+03 7.624297887662294215e+02
1.549614209588856738e+03 7.633371658255608736e+02
1.637906204328480044e+03 7.642727943059800282e+02
1.726721833217363837e+03 7.652384644163387293e+02
1.816057820180079716e+03 7.662361597934132078e+02
1.905908845571763777e+03 7.672678844839946350e+02
1.996267953511797714e+03 7.683354345696545806e+02
2.087127522337923892e+03 7.694401087754213222e+02
2.178480965429867410e+03 7.705823519227246834e+02
6.098840964953457160e+02 6.690348877862038535e+02
6.926593696930104898e+02 6.694034930233606246e+02
7.759634811184937462e+02 6.698017088528634986e+02
8.597925507639176885e+02 6.702287351333582137e+02
9.441434761550591475e+02 6.706835332360601569e+02
1.029014309800311594e+03 6.711650213053742391e+02
1.114404389362839311e+03 6.716722466990818248e+02
1.200314246746528397e+03 6.722045323531610848e+02
1.286745328440325466e+03 6.727615934931895936e+02
1.373699566523649537e+03 6.733436207580498376e+02
1.461178847827277878e+03 6.739513254093747037e+02
1.549184438015037358e+03 6.745859418687693960e+02
1.637716427965436196e+03 6.752491823510501945e+02
1.726773281972740278e+03 6.759431378419490102e+02
1.816351581159761508e+03 6.766701190992972670e+02
1.906446071330454743e+03 6.774324307335084541e+02
1.997050142547158885e+03 6.782320707420469716e+02
2.088156888283468106e+03 6.790703471288916262e+02
2.179760915401331658e+03 6.799474024289809222e+02
6.069878984464851328e+02 5.828716343319001680e+02
6.899644768155314978e+02 5.829600491322146354e+02
7.734740475846581376e+02 5.830787730513977749e+02
8.575130926751653533e+02 5.832270812808346818e+02
9.420786238187190520e+02 5.834039090046403544e+02
1.027168600198637023e+03 5.836080887629718745e+02
1.112782097142274552e+03 5.838385605901301005e+02
1.198919252730166363e+03 5.840945508034907334e+02
1.285581025491688933e+03 5.843757148846779046e+02
1.372768803588497804e+03 5.846822394124479843e+02
1.460483914178806799e+03 5.850148974730134341e+02
1.548727091157322320e+03 5.853750513831619173e+02
1.637497970345564681e+03 5.857645959092433259e+02
1.726794693654148659e+03 5.861858344452980418e+02
1.816613717964145962e+03 5.866412798201370151e+02
1.906949940716039237e+03 5.871333705294928222e+02
1.997797272717416490e+03 5.876640922283413602e+02
2.089149809781344175e+03 5.882344932624398552e+02
2.181003778817790590e+03 5.888440818587871490e+02
6.040775141117740077e+02 4.962931997541347755e+02
6.872540727820661459e+02 4.960972470373645820e+02
7.709675556556861693e+02 4.959320096786368595e+02
8.552149634750207952e+02 4.957970290714085877e+02
9.399935265336921475e+02 4.956913802152135986e+02
1.025301168380061426e+03 4.956139508855894746e+02
1.111136719621423481e+03 4.955636888911910773e+02
1.197499909470757757e+03 4.955398123778782065e+02
1.284391169146532093e+03 4.955419775872952641e+02
1.371811288656967690e+03 4.955703978629921949e+02
1.459760977010167153e+03 4.956259070141554730e+02
1.548240385644286107e+03 4.957099593889442986e+02
1.637248666040652779e+03 4.958245581688451011e+02
1.726783645261524953e+03 4.959721024645295984e+02
1.816841717761000837e+03 4.961551427637933784e+02
1.907418068496527212e+03 4.963760331439469837e+02
1.998507361392847542e+03 4.966364674043770719e+02
2.090105048885734050e+03 4.969368848889486117e+02
2.182209648092805310e+03 4.972754598429745556e+02
6.011539071029143315e+02 4.093045664323296933e+02
6.845296009689083121e+02 4.088208225964929170e+02
7.684456809845241878e+02 4.083677193563020182e+02
8.528998590510855138e+02 4.079452928932424811e+02
9.378897226295559904e+02 4.075529573644820402e+02
1.023413250762058169e+03 4.071898251354115246e+02
1.109469080020662886e+03 4.068549900772389947e+02
1.196056548909891035e+03 4.065477679196817462e+02
1.283175555897731329e+03 4.062678869722108175e+02
1.370826273877563608e+03 4.060156217726400882e+02
1.459008772610719006e+03 4.057918613811443720e+02
1.547722610724908463e+03 4.055981031023354717e+02
1.636966470325465025e+03 4.054363613783430083e+02
1.726737920414251903e+03 4.053089804416061952e+02
1.817033410329635444e+03 4.052183380360723959e+02
1.907848611571543870e+03 4.051664260974066565e+02
1.999179245939979864e+03 4.051542927133750709e+02
2.091022773412955758e+03 4.051811083767897799e+02
2.183379794536810095e+03 4.052441573097639775e+02
5.982168939570266275e+02 3.219099600229525322e+02
6.817916387028594727e+02 3.211362789677964429e+02
7.659094638660563987e+02 3.203924293648390176e+02
8.505690262579685168e+02 3.196792085397638630e+02
9.357684496565468635e+02 3.189966021242213401e+02
1.021505899836274807e+03 3.183441441122079141e+02
1.107779910190442706e+03 3.177212345681602983e+02
1.194589487472844439e+03 3.171274079468566924e+02
1.281934034030483190e+03 3.165625441768066821e+02
1.369813130751386780e+03 3.160270137555893371e+02
1.458226233956984288e+03 3.155217470976987215e+02
1.547172349789735790e+03 3.150482172520271433e+02
1.636649761467304415e+03 3.146083238554193713e+02
1.726655898300630270e+03 3.142041647978239780e+02
1.817187450836022208e+03 3.138376805294454925e+02
1.908240854140152578e+03 3.135101542255532650e+02
1.999813544349910217e+03 3.132213783598448344e+02
2.091904522775396799e+03 3.129694944420489264e+02
2.184518630646568909e+03 3.127489057412157081e+02
5.952644554179394163e+02 2.341112745005124225e+02
6.790392985933764294e+02 2.330474102563431416e+02
7.633587981738256758e+02 2.320115032069966219e+02
8.482228375646863014e+02 2.310054154173075176e+02
9.336303034462098367e+02 2.300299682726495121e+02
1.019579726990477639e+03 2.290853405725251832e+02
1.106069677242352554e+03 2.281714184092132882e+02
1.193098937316771071e+03 2.272880886939893799e+02
1.280666501122782392e+03 2.264354672449816235e+02
1.368771436421830913e+03 2.256140512896505470e+02
1.457412669313092920e+03 2.248247850493903570e+02
1.546588755880334702e+03 2.240690257506905709e+02
1.636297718921927299e+03 2.233483959324792067e+02
1.726537041630828753e+03 2.226645062770494405e+02
1.817303926033120206e+03 2.220185313653039429e+02
1.908595942199506680e+03 2.214106187272556099e+02
2.000412475232826182e+03 2.208389894024645628e+02
2.092755526444470433e+03 2.202994273314900511e+02
2.185634235066619567e+03 2.197833198862784911e+02
5.922918889592802998e+02 1.459057831511663608e+02
6.762694885463673700e+02 1.445541121153294171e+02
7.607917966704782202e+02 1.432270366485242903e+02
8.458602600809806518e+02 1.419278231827167929e+02
9.314748099359064781e+02 1.406584233425360253e+02
1.017634576931675952e+03 1.394199076816838669e+02
1.104338361150435276e+03 1.382128448161749930e+02
1.191584888536527387e+03 1.370376166437110896e+02
1.279372893203900048e+03 1.358946592408253764e+02
1.367701073138877746e+03 1.347846178003486557e+02
1.456567976451496861e+03 1.337084025971689698e+02
1.545971886317082863e+03 1.326671314347693169e+02
1.635910785333007880e+03 1.316619423117037968e+02
1.726382494413056065e+03 1.306936581375803144e+02
1.817385097799705363e+03 1.297622832018965937e+02
1.908918098431029193e+03 1.288662366941888422e+02
2.000982517065693855e+03 1.280017322244476645e+02
2.093585098211380682e+03 1.271611841583331852e+02
2.186739985979629637e+03 1.263320716684501122e+02
