3.144805816219045482e+02 1.995071507870393589e+03
4.095748863434520217e+02 1.995639495263066692e+03
5.056063474348032969e+02 1.996093559163887221e+03
6.025290593344266199e+02 1.996460671699253680e+03
7.003130464469020353e+02 1.996760357174096498e+03
7.989397315314712387e+02 1.997006083424679673e+03
8.983982599536373073e+02 1.997206566578959610e+03
9.986826440356195462e+02 1.997366960319790905e+03
1.099789665704371828e+03 1.997489896897955987e+03
1.201717444854951509e+03 1.997576342858957560e+03
1.304464544640286476e+03 1.997626227683320167e+03
1.408029442494062550e+03 1.997638798243742713e+03
1.512410146219328908e+03 1.997612646098059486e+03
1.617603676946848282e+03 1.997545348103435117e+03
1.723605074074344884e+03 1.997432653587795812e+03
1.830405500190675866e+03 1.997267143276091247e+03
1.937988935061767961e+03 1.997036276261894045e+03
2.046326845428402066e+03 1.996719731451938969e+03
2.155370099866486726e+03 1.996285938997384164e+03
3.177974815354349403e+02 1.893378652682039046e+03
4.127192326066441410e+02 1.893429227663957136e+03
5.085397806866093333e+02 1.893393135017488476e+03
6.052225438064202763e+02 1.893290849973846207e+03
7.027449584531773326e+02 1.893136571146561892e+03
8.010941496009950242e+02 1.892939476591284574e+03
9.002634629073934320e+02 1.892704903276979621e+03
1.000249826329230245e+03 1.892435425252247569e+03
1.101051883256601059e+03 1.892131802589052768e+03
1.202668809521825096e+03 1.891793769631715350e+03
1.305099691655554807e+03 1.891420627134720235e+03
1.408343302788287474e+03 1.891011598498333115e+03
1.512398064791721026e+03 1.890565905462208320e+03
1.617261929670779864e+03 1.890082513245995870e+03
1.722931848783452097e+03 1.889559489180074252e+03
1.829402423976962382e+03 1.888992912291773337e+03
1.936663248830427619e+03 1.888375264040692628e+03
2.044694349364172922e+03 1.887693222363208406e+03
2.153459020106715343e+03 1.886924772317334373e+03
3.212232921274047612e+02 1.792138554018493096e+03
4.159396940853432625e+02 1.791710715257328502e+03
5.115244090181524825e+02 1.791216066397935492e+03
6.079486438782573714e+02 1.790669802546858818e+03
7.051959235480104553e+02 1.790081897541189846e+03
8.032579472631737190e+02 1.789458217801210139e+03
9.021313097527850005e+02 1.788801568195281106e+03
1.001815056821300914e+03 1.788112649108820733e+03
1.102309020746304441e+03 1.787390901313237464e+03
1.203612852074262946e+03 1.786635212358062972e+03
1.305725630532004288e+03 1.785844455032307451e+03
1.408645898113352132e+03 1.785017824928812161e+03
1.512371911136153358e+03 1.784154940265061896e+03
1.616901854278122073e+03 1.783255662829564926e+03
1.722233697257559925e+03 1.782319594195522768e+03
1.828364302764756530e+03 1.781345196130792374e+03
1.935287311165088795e+03 1.780328478389198835e+03
2.042989231918222686e+03 1.779261190743379757e+03
2.151443061943586144e+03 1.778128449159681850e+03
3.247205724369338213e+02 1.691411074176001875e+03
4.192074545564087202e+02 1.690533205890886620e+03
5.145385133562830333e+02 1.689602583268072522e+03
6.106913782510480360e+02 1.688630189938839521e+03
7.076545051664792254e+02 1.687622740805071999e+03
8.054232054154206253e+02 1.686583649094337034e+03
9.039965383933309795e+02 1.685513932902087618e+03
1.003375039788621734e+03 1.684413044074029585e+03
1.103559233380776277e+03 1.683279600253701119e+03
1.204548846576457663e+03 1.682111998687122195e+03
1.306342616995392746e+03 1.680908887918343225e+03
1.408938538968385274e+03 1.679669470805751416e+03
1.512334353964164166e+03 1.678393609316161019e+03
1.616528036834258273e+03 1.677081698287412564e+03
1.721517969358273376e+03 1.675734271763849392e+03
1.827302422763500999e+03 1.674351301574101399e+03
1.933877890421657185e+03 1.672931143506308672e+03
2.041235719376114957e+03 1.671469081709299189e+03
2.149356383137754619e+03 1.669955416773774687e+03
3.282637372701150298e+02 1.591234415496361635e+03
4.225036186714768291e+02 1.589926938841314723e+03
5.175685835163584443e+02 1.588576290287500342e+03
6.134414664199377967e+02 1.587190160604011453e+03
7.101146425639670952e+02 1.585772833158012190e+03
8.075862161777588426e+02 1.584326001665786407e+03
9.058570687685610210e+02 1.582849534028579455e+03
1.004928740302973324e+03 1.581342168550738279e+03
1.104802093582462248e+03 1.579802127343785060e+03
1.205476684924816709e+03 1.578227630087916623e+03
1.306950732364384976e+03 1.576617289540238062e+03
1.409221535244385450e+03 1.574970368234207399e+03
1.512286155535082798e+03 1.573286873694020869e+03
1.616142120615945487e+03 1.571567467176784930e+03
1.720787848643880807e+03 1.569813158439405015e+03
1.826222429909104676e+03 1.568024756290335517e+03
1.932444319537004503e+03 1.566202041712050004e+03
2.039448407161778050e+03 1.564342627110777812e+03
2.147220826243520605e+03 1.562440461747298286e+03
3.318358767392054460e+02 1.491632542049735321e+03
4.258163796391245342e+02 1.489910134273775839e+03
5.206068230837364581e+02 1.488150764725455929e+03
6.161941614898812531e+02 1.486359600737841447e+03
7.125738042024639753e+02 1.484539182759489449e+03
8.097459516341085646e+02 1.482690092167294551e+03
9.077127841569041493e+02 1.480811571108035878e+03
1.006476478028568749e+03 1.478902083921159374e+03
1.106038000278159188e+03 1.476959808705004434e+03
1.206396608065962482e+03 1.474983046522914719e+03
1.307549946991953902e+03 1.472970534599951634e+03
1.409494606505858201e+03 1.470921648630764366e+03
1.512226948234230804e+03 1.468836478000047236e+03
1.615743973857717947e+03 1.466715756304611659e+03
1.720043942212194679e+03 1.464560628056246060e+03
1.825126379502457439e+03 1.462372230833275580e+03
1.930991050729321842e+03 1.460151070432545794e+03
2.037635373319794780e+03 1.457896164749257196e+03
2.145049654035691674e+03 1.455603930177109305e+03
3.354262196316761901e+02 1.392620448296421273e+03
4.291387740065546268e+02 1.390493844427483737e+03
5.236491834544173116e+02 1.388334026382085540e+03
6.189475528005742717e+02 1.386144261513227093e+03
7.150315499629075475e+02 1.383925899431912740e+03
8.119028785335788143e+02 1.381678890933337698e+03
9.095645934107994890e+02 1.379402264442668638e+03
1.008019234451297734e+03 1.377094552623274467e+03
1.107267731300714104e+03 1.374754161275854358e+03
1.207309006803763168e+03 1.372379672126156947e+03
1.308140176139767163e+03 1.369970070554112453e+03
1.409757203440865624e+03 1.367524888761256534e+03
1.512155836417798582e+03 1.365044254310051883e+03
1.615332591639387374e+03 1.362528833402923738e+03
1.719285507684186086e+03 1.359979657706353237e+03
1.824014319391771096e+03 1.357397822973382290e+03
1.929519632748260619e+03 1.354784047184913788e+03
2.035800595269088490e+03 1.352138075426503292e+03
2.142850459661752211e+03 1.349457918255031018e+03
3.390280760811430127e+02 1.294207714083089741e+03
4.324669520435941195e+02 1.291685145834348987e+03
5.266938618713719507e+02 1.289131366183445380e+03
6.217012798264646563e+02 1.286548258408860420e+03
7.174884506004727882e+02 1.283936401294020698e+03
8.140580746697645509e+02 1.281295474924497512e+03
9.114137375247065620e+02 1.278624596038403297e+03
1.009558145039443048e+03 1.275922611705516829e+03
1.108492118956446348e+03 1.273188346862569006e+03
1.208214281298925243e+03 1.270420801207997556e+03
1.308721326982632263e+03 1.267619290983237988e+03
1.410008749364442792e+03 1.264783531249204088e+03
1.512071843248049163e+03 1.261913654417586031e+03
1.614906763189856065e+03 1.259010161030211975e+03
1.718511360936373194e+03 1.256073799111163453e+03
1.822885463495960266e+03 1.253105368863090234e+03
1.928030181600682909e+03 1.250105450061040528e+03
2.033945755913056928e+03 1.247074050236792573e+03
2.140627353894625685e+03 1.244010172669864687e+03
3.426377096125610251e+02 1.196400950637079404e+03
4.357988992907659167e+02 1.193489088284003856e+03
5.297402047851282987e+02 1.190546955037248154e+03
6.244556047063998676e+02 1.187575370648713715e+03
7.199453181054957440e+02 1.184574437359685817e+03
8.162126072165690402e+02 1.181543808133942321e+03
9.132613077662282421e+02 1.178482884752274231e+03
1.011094150884711325e+03 1.175390982169569270e+03
1.109711831027038670e+03 1.172267457916267858e+03
1.209112749688845724e+03 1.169111805782912370e+03
1.309293335810446706e+03 1.165923713589678300e+03
1.410248810009408999e+03 1.162703085528680049e+03
1.511974220496927046e+03 1.159450030394222495e+03
1.614465532962746920e+03 1.156164818006229098e+03
1.717720504009871092e+03 1.152847807308725805e+03
1.821739006932128859e+03 1.149499351015485900e+03
1.926522408687720372e+03 1.146119683309135326e+03
2.032071516634223599e+03 1.142708799012358213e+03
2.138382521616937083e+03 1.139266334878654789e+03
3.462527795890116522e+02 1.099205018280851164e+03
4.391335512588393613e+02 1.095909759449078820e+03
5.327879637721594008e+02 1.092584596451572224e+03
6.272107961088827324e+02 1.089229509329358507e+03
7.224027053953790301e+02 1.085844300280357402e+03
8.183671374349696634e+02 1.082428729807938225e+03
9.151079460686997891e+02 1.078982582794916425e+03
1.012627787128554473e+03 1.075505708705794632e+03
1.110927241470881881e+03 1.071998037829293025e+03
1.210004597440089128e+03 1.068459576388105688e+03
1.309856194812177364e+03 1.064890384418940812e+03
1.410477199227384062e+03 1.061290541585990695e+03
1.511862637690874863e+03 1.057660107560407596e+03
1.614008481168607887e+03 1.053999085305754534e+03
1.716912508810172540e+03 1.050307397586794650e+03
1.820574628969007335e+03 1.046584889302260308e+03
1.924996263928567714e+03 1.042831370871572744e+03
2.030178326922429733e+03 1.039046720925725594e+03
2.136117230361111524e+03 1.035231070013859835e+03
3.498720199788543823e+02 1.002623937806000640e+03
4.424701648027310057e+02 9.989507274063106479e+02
5.358368566108661071e+02 9.952479346478532989e+02
6.299667819978236594e+02 9.915146698683788600e+02
7.248606380828449574e+02 9.877505492251044643e+02
8.205217199122467946e+02 9.839554753328446850e+02
9.169537015211209336e+02 9.801296238390849567e+02
1.014159087967073333e+03 9.762733660563308149e+02
1.112138376885182424e+03 9.723871786048728154e+02
1.210889860103815408e+03 9.684715463546443743e+02
1.310409968095832028e+03 9.645268665201132308e+02
1.410694027649269174e+03 9.605533635690188703e+02
1.511737265494088888e+03 9.565510266860829915e+02
1.613535847006737185e+03 9.525195839219186382e+02
1.716087688734233325e+03 9.484585298949992875e+02
1.819392725439168316e+03 9.443672270447750634e+02
1.923452245663431313e+03 9.402451040061980621e+02
2.028266833318811905e+03 9.360919787447810450e+02
2.133832365281362854e+03 9.319085387179624149e+02
3.534948150662042963e+02 9.066613051086311543e+02
4.458084027242672391e+02 9.026153947573501455e+02
5.388863124593308385e+02 8.985403347747098906e+02
6.327230332712420022e+02 8.944346373214694950e+02
7.273185449805391727e+02 8.902975147371527100e+02
8.226757678866022161e+02 8.861290053518563354e+02
9.187980196266676103e+02 8.819296024921403614e+02
1.015687590271756449e+03 8.777001164691281474e+02
1.113344926404388161e+03 8.734414856230465602e+02
1.211768433087530184e+03 8.691545951153141232e+02
1.310954796825268431e+03 8.648401151437190038e+02
1.410899700816515178e+03 8.604983725851940335e+02
1.511598766871708449e+03 8.561292727334354140e+02
1.613048515608673370e+03 8.517322908370886125e+02
1.715247087192670051e+03 8.473065566050786401e+02
1.818194408068243774e+03 8.428510587807641059e+02
1.921891423873596978e+03 8.383650013537295536e+02
2.026337943942794027e+03 8.338483480411767914e+02
2.131528557270064084e+03 8.293025974012808774e+02
3.571211402524016876e+02 8.113206067832945791e+02
4.491478368730661259e+02 8.069068243253248056e+02
5.419358316455275144e+02 8.024649485267085538e+02
6.354786442398597046e+02 7.979926713046302211e+02
7.297753575459678359e+02 7.934888146763951227e+02
8.248281592764367360e+02 7.889533749700108274e+02
9.206398435605858594e+02 7.843870201489517058e+02
1.017212419884428868e+03 7.797908568617531273e+02
1.114546304158991916e+03 7.751661522070876345e+02
1.212640102895435803e+03 7.705140778636534833e+02
1.311490893543820675e+03 7.658354919718242400e+02
1.411094872790176623e+03 7.611307769825725700e+02
1.511448208329381941e+03 7.563997549086511754e+02
1.612547887668056774e+03 7.516417050712823311e+02
1.714392309109184225e+03 7.468555135859776328e+02
1.816981304384383293e+03 7.420399885326162348e+02
1.920315218485754031e+03 7.371943800731368128e+02
2.024392599050212766e+03 7.323191507878536868e+02
2.129205963984519258e+03 7.274170482789968446e+02
3.607517413920066929e+02 7.166055946509020487e+02
4.524884949192091881e+02 7.118280904220586081e+02
5.449847605317802390e+02 7.070244458657259656e+02
6.382325035236898430e+02 7.021913020533057761e+02
7.322297516758917482e+02 6.973270725051315821e+02
8.269774608031584648e+02 6.924313362182822402e+02
9.224778089662479488e+02 6.875047926642996572e+02
1.018732446463042834e+03 6.825486537883989513e+02
1.115741754716829973e+03 6.775643451582691341e+02
1.213504595034408794e+03 6.725531862634140907e+02
1.312018525910316839e+03 6.675161271080154393e+02
1.411280360772302856e+03 6.624535634104921655e+02
1.511286902382700418e+03 6.573652564756583843e+02
1.612035648872094725e+03 6.522503880566400767e+02
1.713525218853161505e+03 6.471077853327362845e+02
1.815755188423550408e+03 6.419363565621470116e+02
1.918724970199041991e+03 6.367357840976731040e+02
2.022431292795881745e+03 6.315075283599323939e+02
2.126863757258174701e+03 6.262562041354897246e+02
3.643885158440414216e+02 6.225208747912583931e+02
4.558311752858813861e+02 6.173826742130324874e+02
5.480329970886310775e+02 6.122214947532770566e+02
6.409839813633545873e+02 6.070327369249123421e+02
7.346804366942650404e+02 6.018139339112384505e+02
8.291222500954067982e+02 5.965643327623142795e+02
9.243105159070505579e+02 5.912841803382116268e+02
1.020246494388717451e+03 5.859746285460499848e+02
1.116930493090466825e+03 5.806370658020473456e+02
1.214361634442400600e+03 5.752728073556871777e+02
1.312537990199153683e+03 5.698827990110919472e+02
1.411457025831794908e+03 5.644674223509881585e+02
1.511116191361302299e+03 5.590264320428766496e+02
1.611513454553647080e+03 5.535590606267008980e+02
1.712647525672737629e+03 5.480643316229502489e+02
1.814517469316263487e+03 5.425416279318230863e+02
1.917121337348437009e+03 5.369915693974597843e+02
2.020453386595866959e+03 5.314172611744960477e+02
2.124499364675356901e+03 5.258259832545717245e+02
3.680350623035076296e+02 5.290728391664158607e+02
4.591779948405874165e+02 5.235752809432824506e+02
5.510814460055622703e+02 5.180594354093184393e+02
6.437329832711509425e+02 5.125191645760319261e+02
7.371268962656924941e+02 5.069508740597166252e+02
8.312614505441624715e+02 5.013529499220215939e+02
9.261368634623813705e+02 4.957252699116703525e+02
1.021753598710607548e+03 4.900684232674950636e+02
1.118111871932032045e+03 4.843836188592879353e+02
1.215211014879232152e+03 4.786720147875979592e+02
1.313049575016141716e+03 4.729344686820070365e+02
1.411625624412861725e+03 4.671713470254278491e+02
1.510937181690602301e+03 4.613824942684352663e+02
1.610982543436476362e+03 4.555674020931174937e+02
1.711760275524393364e+03 4.497256252304969166e+02
1.813268562001515420e+03 4.438574970367052401e+02
1.915503548761773118e+03 4.379652056769585897e+02
2.018456250159647880e+03 4.320543003478513810e+02
2.122107507937518676e+03 4.261357065925006964e+02
3.716973699963122044e+02 4.362710436245976098e+02
4.625330603581635387e+02 4.304131413210561732e+02
5.541326585614855276e+02 4.245435191695468120e+02
6.464808407403139654e+02 4.186541600788192454e+02
7.395695051089917342e+02 4.127400037391348633e+02
8.333950643050632152e+02 4.067983098732019016e+02
9.279563704714919368e+02 4.008280410404687473e+02
1.023253296419537833e+03 3.948293511792628578e+02
1.119285569462842432e+03 3.888027931560187653e+02
1.216052674234061442e+03 3.827492975092657161e+02
1.313553515759235097e+03 3.766695747092212514e+02
1.411786634917035826e+03 3.705640140949529950e+02
1.510750436912307350e+03 3.644327006033591942e+02
1.610443292936950911e+03 3.582756646531234992e+02
1.710863266222548646e+03 3.520934170251590558e+02
1.812007161738557443e+03 3.458878280247026851e+02
1.913868539347317210e+03 3.396634185635185759e+02
2.016434262349804612e+03 3.334291401649386444e+02
2.119679075993030892e+03 3.272007313817192653e+02
3.753846210047378236e+02 3.441301146399550817e+02
4.659032398367639871e+02 3.379078784458866949e+02
5.571915594744621103e+02 3.316827487506612897e+02
6.492309071839563330e+02 3.254444596668425902e+02
7.420104056100984735e+02 3.191861248148295545e+02
8.355242936225414496e+02 3.129035391430589925e+02
9.297698500707784888e+02 3.065945095202401944e+02
1.024745884240340956e+03 3.002582349501162753e+02
1.120451792510119503e+03 2.938948333938748192e+02
1.216886773156381878e+03 2.875046057198251219e+02
1.314049940410877980e+03 2.810881697928789436e+02
1.411940063287877820e+03 2.746460279220367511e+02
1.510555636896779561e+03 2.681787233227951219e+02
1.609894727201874957e+03 2.616871882276584529e+02
1.709954401041532265e+03 2.551734158090571327e+02
1.810729441753615902e+03 2.486415211454915379e+02
1.912209992234405945e+03 2.420992654959248966e+02
2.014377700489696053e+03 2.355601282620266375e+02
2.117199866696696063e+03 2.290460223309704588e+02
3.791100823701383433e+02 2.526722482757214721e+02
4.692990124021033580e+02 2.460780025362954575e+02
5.602662416022236584e+02 2.394923810607482437e+02
6.519892847680670229e+02 2.329024840868052024e+02
7.444540857585071763e+02 2.262992311429117080e+02
8.376523565292229705e+02 2.196766142228908620e+02
9.315794879689660775e+02 2.130309897970787461e+02
1.026232994090097009e+03 2.063604328753089021e+02
1.121611432614627574e+03 1.996641801565842798e+02
1.217713723419717553e+03 1.929421936076569182e+02
1.314538807289263104e+03 1.861949566983627165e+02
1.412085231189565320e+03 1.794230869247345481e+02
1.510351209960072765e+03 1.726279622482981040e+02
1.609333987893490530e+03 1.658118763225858174e+02
1.709028994276747198e+03 1.589789450198051100e+02
1.809428191244919162e+03 1.521363690764050034e+02
1.910517308653602640e+03 1.452962116966106123e+02
2.012271543543703729e+03 1.384777826980586042e+02
2.114649226968262610e+03 1.317107328883796526e+02
5.234092966701452951e+02 2.006417537149367035e+03
6.107122963155302386e+02 2.006804412014358377e+03
6.986478645764403836e+02 2.007135435502497103e+03
7.872035829486470675e+02 2.007420651814967414e+03
8.763723932455154682e+02 2.007666897407063061e+03
9.661508546544390583e+02 2.007878528529769483e+03
1.056537819365913947e+03 2.008058064202603418e+03
1.147533479154563793e+03 2.008206729154730738e+03
1.239138993788943026e+03 2.008324900516271555e+03
1.331354962061768219e+03 2.008412311449790650e+03
1.424182884437410394e+03 2.008468311865197620e+03
1.517623728458563392e+03 2.008491728942909049e+03
1.611677882951486254e+03 2.008480628641495514e+03
1.706344528964170877e+03 2.008431815416210611e+03
1.801620540503601205e+03 2.008340058836173739e+03
1.897498684735370261e+03 2.008197009514751244e+03
1.993964850797347481e+03 2.007989762405828969e+03
2.090993990013771054e+03 2.007699020675221391e+03
2.188544397294942428e+03 2.007296807983645522e+03
5.259544156636030721e+02 1.914366437545584176e+03
6.130646771981470238e+02 1.914397715396415606e+03
7.007920153742770708e+02 1.914384026224509626e+03
7.891278150164187082e+02 1.914332485091563740e+03
8.780679102683801602e+02 1.914247557127095661e+03
9.676109640991973038e+02 1.914131722476866571e+03
1.057757270807968553e+03 1.913986066433052656e+03
1.148507935986537632e+03 1.913810781377831290e+03
1.239864648123188317e+03 1.913605607731549981e+03
1.331828300827611884e+03 1.913369942598113312e+03
1.424400630344332058e+03 1.913103239739033143e+03
1.517582967502482461e+03 1.912804816286084588e+03
1.611376407340097103e+03 1.912473697042771619e+03
1.705781425260752712e+03 1.912108206528910614e+03
1.800797060436649190e+03 1.911705324515838583e+03
1.896419444080630910e+03 1.911259773052961464e+03
1.992639410997127015e+03 1.910762799336195940e+03
2.089438887943776081e+03 1.910200614722608179e+03
2.186785701035446891e+03 1.909552445714793066e+03
5.285191441751742332e+02 1.822723969611796747e+03
6.154236748767308427e+02 1.822418350977366117e+03
7.029331833945182098e+02 1.822075214976954612e+03
7.910421742310658146e+02 1.821699338705043374e+03
8.797487869091855828e+02 1.821293332880232356e+03
9.690532857295265785e+02 1.820858240225347799e+03
1.058956975150248354e+03 1.820394067925343279e+03
1.149461497079916626e+03 1.819900242753429666e+03
1.240568453967373671e+03 1.819375976177288067e+03
1.332279528857106243e+03 1.818820585720829285e+03
1.424595536104886833e+03 1.818233391829644233e+03
1.517518072315320524e+03 1.817614092457940842e+03
1.611048498723903776e+03 1.816962359753087640e+03
1.705188041175601029e+03 1.816277572129818054e+03
1.799937215206717156e+03 1.815558280415237277e+03
1.895294635620668942e+03 1.814801444749080474e+03
1.991254957434711059e+03 1.814001412493380940e+03
2.087805651579490586e+03 1.813148604107707797e+03
2.184922269017284179e+03 1.812227870302629981e+03
5.310873576575443167e+02 1.731518557146182957e+03
6.177770213394869643e+02 1.730889556631310370e+03
7.050622382867554734e+02 1.730227863124915984e+03
7.929400420842341646e+02 1.729536442104330490e+03
8.814103835544303820e+02 1.728816511308290956e+03
9.704747194680496705e+02 1.728068069672172442e+03
1.060135027837150119e+03 1.727290368506587129e+03
1.150393207684934396e+03 1.726482315347873737e+03
1.241250809138693057e+03 1.725642799874518460e+03
1.332709270305524797e+03 1.724771011478703713e+03
1.424769079753341430e+03 1.723866243809993648e+03
1.517431582553815588e+03 1.722928410302184147e+03
1.610698104296085148e+03 1.721957590269355933e+03
1.704570230340822945e+03 1.720953846373400211e+03
1.799049434647783073e+03 1.719916785997200805e+03
1.894136127359476404e+03 1.718844930061648483e+03
1.989827875748041151e+03 1.717734865088786819e+03
2.086116510922964153e+03 1.716580151718929301e+03
2.182983784456074318e+03 1.715369960033182906e+03
5.336485731756829409e+02 1.640766743547261285e+03
6.201171640016108313e+02 1.639823959019498716e+03
7.071739369941753921e+02 1.638851336038752834e+03
7.948179454994422031e+02 1.637850488166936202e+03
8.830505378609555009e+02 1.636821643379236775e+03
9.718740345780729513e+02 1.635764101666830811e+03
1.061290831471511638e+03 1.634676642430609718e+03
1.151302888140024379e+03 1.633557873825593560e+03
1.241911549273383343e+03 1.632406515411375722e+03
1.333117881392849313e+03 1.631221707716947094e+03
1.424921921936563194e+03 1.630002714879998166e+03
1.517324623757691143e+03 1.628749578717395707e+03
1.610327089040346209e+03 1.627462601789294240e+03
1.703930998241789666e+03 1.626142240375778783e+03
1.798138407481773356e+03 1.624788748348814352e+03
1.892950993969830051e+03 1.623401662910297318e+03
1.988368511120479070e+03 1.621979113226630034e+03
2.084386173991795204e+03 1.620516931058524278e+03
2.180990648814226006e+03 1.619007540369569597e+03
5.361964324751683080e+02 1.550477452758646450e+03
6.224399325325319978e+02 1.549227652507148377e+03
7.092657703473280435e+02 1.547949423691939955e+03
7.966745802269408614e+02 1.546643420422270083e+03
8.846687631082165808e+02 1.545309224539289517e+03
9.732512423563039192e+02 1.543945730890785626e+03
1.062424643573620415e+03 1.542551489428810783e+03
1.152190858894597795e+03 1.541124997926769083e+03
1.242550944822841984e+03 1.539664938525786511e+03
1.333505289494015869e+03 1.538170350674741485e+03
1.425054192869080225e+03 1.536640853023390264e+03
1.517197398179905349e+03 1.535076176416190037e+03
1.609935942479488631e+03 1.533476832921558753e+03
1.703271439532701606e+03 1.531843446546990208e+03
1.797206266724897887e+03 1.530176595353314269e+03
1.891742970989218520e+03 1.528476401807117554e+03
1.986882915473954654e+03 1.526741983408159058e+03
2.082623895097290188e+03 1.524970748256525667e+03
2.178956403545334524e+03 1.523157518808459372e+03
5.387274682900618927e+02 1.460655041977664041e+03
6.247434590261800622e+02 1.459103072833504029e+03
7.113370325993540746e+02 1.457523056500581561e+03
7.985100261672450870e+02 1.455915013337074470e+03
8.862656067383883283e+02 1.454278162899026256e+03
9.746070964158739116e+02 1.452611236698546918e+03
1.063537218334962063e+03 1.450912754394028525e+03
1.153057724777509748e+03 1.449181258763108872e+03
1.243169357799562249e+03 1.447415504428723125e+03
1.333872079852416618e+03 1.445614594896206199e+03
1.425165725571872144e+03 1.443778206114297063e+03
1.517049580652831992e+03 1.441906020050548022e+03
1.609524347018884100e+03 1.439998551306313175e+03
1.702591491039549737e+03 1.438056419025614332e+03
1.796253542107230487e+03 1.436080277389838102e+03
1.890513624258373966e+03 1.434070500723677469e+03
1.985374254675099564e+03 1.432026764269749719e+03
2.080835144048596703e+03 1.429947510570851819e+03
2.176889689382121560e+03 1.427829290643994455e+03
5.412401216226739962e+02 1.371301387329256158e+03
6.270273223395411151e+02 1.369450909660355137e+03
7.133880879228496497e+02 1.367572063752676513e+03
8.003251319510709436e+02 1.365664496554315065e+03
8.878421498438913204e+02 1.363727290231154029e+03
9.759427048883603675e+02 1.361759202951988300e+03
1.064629530415862973e+03 1.359758879376786126e+03
1.153904210447788273e+03 1.357725027680873609e+03
1.243767190228446452e+03 1.355656559763676341e+03
1.334218055496279248e+03 1.353552691099907179e+03
1.425256004864115766e+03 1.351412996495031166e+03
1.516880629014774286e+03 1.349237580593482107e+03
1.609091622424205980e+03 1.347026376720216604e+03
1.701890520302941241e+03 1.344780040116289911e+03
1.795279904999055361e+03 1.342499116478337328e+03
1.889263266097631004e+03 1.340183983369340240e+03
1.983843913647752743e+03 1.337834551785861549e+03
2.079022921010068330e+03 1.335449892016811646e+03
2.174795795207730407e+03 1.333027778616438809e+03
5.437339810362833532e+02 1.282417214161003358e+03
6.292918904494715662e+02 1.280271272041133216e+03
7.154198106153698973e+02 1.278096191320903699e+03
8.021210485174028690e+02 1.275891442715086214e+03
8.893996304469844745e+02 1.273656138649680088e+03
9.772592406121985960e+02 1.271389203283802544e+03
1.065702570209787382e+03 1.269089518245277077e+03
1.154731039952457650e+03 1.266756042332314337e+03
1.244344848367602935e+03 1.264387903436803072e+03
1.334543285877747167e+03 1.261984460965316885e+03
1.425325240499094662e+03 1.259545337076148826e+03
1.516689804683046532e+03 1.257070415119250583e+03
1.608637059666362575e+03 1.254559986388826019e+03
1.701167767659116180e+03 1.252013942632837825e+03
1.794284728900046730e+03 1.249432780564923178e+03
1.887991646656838839e+03 1.246816707027258190e+03
1.982292333561611485e+03 1.244165643242273973e+03
2.077188757305595118e+03 1.241479001351898205e+03
2.172677843357016172e+03 1.238755422411160680e+03
5.462092179949875117e+02 1.194002857280308945e+03
6.315378374112990514e+02 1.191564294056820700e+03
7.174331782222895981e+02 1.189095568065616817e+03
8.038988936079822452e+02 1.186596110682599829e+03
8.909391752932583586e+02 1.184065177471717107e+03
9.785577369372355179e+02 1.181501949262516064e+03
1.066757201227901533e+03 1.178905614762289133e+03
1.155538854197547607e+03 1.176275434321265038e+03
1.244902719799783199e+03 1.173610784651666791e+03
1.334847895719790586e+03 1.170911184524248029e+03
1.425373077493531810e+03 1.168176301735879633e+03
1.516477182026299488e+03 1.165405941966580713e+03
1.608159963229947380e+03 1.162600020532830513e+03
1.700422658168009775e+03 1.159758722629570457e+03
1.793267486331282953e+03 1.156881624148414176e+03
1.886698446097180749e+03 1.153968864451247327e+03
1.980719611890317537e+03 1.151020236413534803e+03
2.075333438446987202e+03 1.148035317456421808e+03
2.170537653492858226e+03 1.145013392382627899e+03
5.486661949890010419e+02 1.106058613005340703e+03
6.337658139699184403e+02 1.103330344021244628e+03
7.194289990050552888e+02 1.100570786070102940e+03
8.056595310563340036e+02 1.097779411273025516e+03
8.924616265684453538e+02 1.094955679568404776e+03
9.798389581768718699e+02 1.092099073223186224e+03
1.067794071358498059e+03 1.089209118575043931e+03
1.156328160922620100e+03 1.086285395944525362e+03
1.245441160945782940e+03 1.083327539010783539e+03
1.335132089897855167e+03 1.080335225361317043e+03
1.425399579062354860e+03 1.077308160414508848e+03
1.516242496664958935e+03 1.074246057484061339e+03
1.607660562101519190e+03 1.071148617418514050e+03
1.699654823975342424e+03 1.068015512020027245e+03
1.792228000957248696e+03 1.064846604175797438e+03
1.885383590744520234e+03 1.061641039045488014e+03
1.979125893073774023e+03 1.058398656017745225e+03
2.073457482028262348e+03 1.055119121633660598e+03
2.168376322950346093e+03 1.051802265122963036e+03
5.511052256235241202e+02 1.018584824040911258e+03
6.359762530977139932e+02 1.015569979462129481e+03
7.214077571808034008e+02 1.012522738294362853e+03
8.074034505112995248e+02 1.009442640656967114e+03
8.939674514626289010e+02 1.006329364157811597e+03
9.811033349946043245e+02 1.003182694732257914e+03
1.068813570738839871e+03 1.000002490344614216e+03
1.157099312465524235e+03 9.967886397738055848e+02
1.245960492945388978e+03 9.935410192254288404e+02
1.335396166555838136e+03 9.902594501159601350e+02
1.425405028562443931e+03 9.869436620732503798e+02
1.515986024586306257e+03 9.835932660036901325e+02
1.607138946061991192e+03 9.802077430050352405e+02
1.698864887182679695e+03 9.767864559713359540e+02
1.791166415562135171e+03 9.733286919609026882e+02
1.884047282216996791e+03 9.698337448002413339e+02
1.977511574751939861e+03 9.663012991803399245e+02
2.071561399841278217e+03 9.627306249953551287e+02
2.166194557600275857e+03 9.591223660468187973e+02
5.535264680473434282e+02 9.315818196496342125e+02
6.381692937347750103e+02 9.282837712585379677e+02
7.233695611551266893e+02 9.249523381018117334e+02
8.091307348164787072e+02 9.215871071345809469e+02
8.954567238631532291e+02 9.181879431785571342e+02
9.823509561341179506e+02 9.147548994612978959e+02
1.069815829852870138e+03 9.112881266400423783e+02
1.157852507220872440e+03 9.077877837834155343e+02
1.246461004195584110e+03 9.042539554650925311e+02
1.335640519239727155e+03 9.006865799074784036e+02
1.425389930614136347e+03 8.970853940144386343e+02
1.515708376607872879e+03 8.934499021656247351e+02
1.606595815680931992e+03 8.897793768282532483e+02
1.698053443526954197e+03 8.860729003946262310e+02
1.790083821198014448e+03 8.823294591967546694e+02
1.882690542280461159e+03 8.785481024071216325e+02
1.975877237232777588e+03 8.747281805336010621e+02
2.069645678904236775e+03 8.708696804864846399e+02
2.163992714399878878e+03 8.669736767695188746e+02
5.559299350747902508e+02 8.450498171226583963e+02
6.403448078050386130e+02 8.414721036084938532e+02
7.253141815813380617e+02 8.378602281467641433e+02
8.108411036840529960e+02 8.342137597408701595e+02
8.969291686714412890e+02 8.305326808346073904e+02
9.835816089034592551e+02 8.268172413708228987e+02
1.070800752246883803e+03 8.230678169984214492e+02
1.158587811240653082e+03 8.192847761277184873e+02
1.246942958134682613e+03 8.154683613704851268e+02
1.335865628872144725e+03 8.116185918597170712e+02
1.425354986052540653e+03 8.077351940411515443e+02
1.515410455951784115e+03 8.038175697817040373e+02
1.606032237516846180e+03 7.998648120690866108e+02
1.697221661593714316e+03 7.958757802040954630e+02
1.788981256148657621e+03 7.918492482368681067e+02
1.881314347523296419e+03 7.877841424982357239e+02
1.974223998397111473e+03 7.836798864573656829e+02
2.067711049639803150e+03 7.795368738309466607e+02
2.161770995087220854e+03 7.753570939145758985e+02
5.583156061306397078e+02 7.589888759409541308e+02
6.425025171950552476e+02 7.551350416846028111e+02
7.272411675233513506e+02 7.512465710750910830e+02
8.125340235689213841e+02 7.473229118645593871e+02
8.983842603226039500e+02 7.433640603715463158e+02
9.847948617155011561e+02 7.393703632973663389e+02
1.071768076945997564e+03 7.353423294437643563e+02
1.159305196905328103e+03 7.312804572394454681e+02
1.247406605119680080e+03 7.271850849708162059e+02
1.336072046416578814e+03 7.230562717407253785e+02
1.425301043651795680e+03 7.188937184661638184e+02
1.515093378066456353e+03 7.146967396918626036e+02
1.605449531919176479e+03 7.104642986637193189e+02
1.696370972659125073e+03 7.061951199987449854e+02
1.787860135740991382e+03 7.018878964342134168e+02
1.879919937859904167e+03 6.975416085683625624e+02
1.972552623487128585e+03 6.931559792521159125e+02
2.065757714650279922e+03 6.887320873933217626e+02
2.159528796404991226e+03 6.842731694333672294e+02
5.606836277402077258e+02 6.733989830563862142e+02
6.446421888266582982e+02 6.692723457037857315e+02
7.291500302903285728e+02 6.651110011738210233e+02
8.142088747806376432e+02 6.609141395463066146e+02
8.998213680521773767e+02 6.566816384085523168e+02
9.859901827790805555e+02 6.524138170638275369e+02
1.072717466265305802e+03 6.481112065273596272e+02
1.160004596015195602e+03 6.437743424113315314e+02
1.247852197466413372e+03 6.394035889357651286e+02
1.336260367093134619e+03 6.349990035960892101e+02
1.425229031357881922e+03 6.305602534904605818e+02
1.514758357396774727e+03 6.260865959826699054e+02
1.604849114607638057e+03 6.215769382742980724e+02
1.695502867184057322e+03 6.170299926098738297e+02
1.786721855776570237e+03 6.124445462713754296e+02
1.878508401501256230e+03 6.078198682668635229e+02
1.970863637049409363e+03 6.031562777194690170e+02
2.063785337225196599e+03 5.984559024582234770e+02
2.157264584343973638e+03 5.937236602467845614e+02
5.630345907124327596e+02 5.882803362295010174e+02
6.467638972461962794e+02 5.838836985031114182e+02
7.310404856636475870e+02 5.794528043160502193e+02
8.158651678787884975e+02 5.749864221629509302e+02
9.012399413126013314e+02 5.704841550061764792e+02
9.871670897373510343e+02 5.659461518872487886e+02
1.073648615248796659e+03 5.613728413867689824e+02
1.160685965020496269e+03 5.567646952191895480e+02
1.248280006912177441e+03 5.521220315288534266e+02
1.336431197009893367e+03 5.474448689093336498e+02
1.425139869570239625e+03 5.427328438209850674e+02
1.514406565400010095e+03 5.379852059558683095e+02
1.604232298174111975e+03 5.332009082216135312e+02
1.694618639295119010e+03 5.283788104158501255e+02
1.785567480310176279e+03 5.235180183734150887e+02
1.877080307269596915e+03 5.186183834258417846e+02
1.969156793339025853e+03 5.136811904567471174e+02
2.061792484019540552e+03 5.087100667120055277e+02
2.154975312992110958e+03 5.037121478789281355e+02
5.653698734376725952e+02 5.036338821738620481e+02
6.488683453052133245e+02 4.989692034085503565e+02
7.329127462632432071e+02 4.942713831124120816e+02
8.175028022938197410e+02 4.895385826265647893e+02
9.026397295032720649e+02 4.847699569153877519e+02
9.883253256706075263e+02 4.799653289520947510e+02
1.074561379443408214e+03 4.751248922271936408e+02
1.161349360430052229e+03 4.702489508465606605e+02
1.248690343921552540e+03 4.653377081080071775e+02
1.336585113067043494e+03 4.603911160592571150e+02
1.425034368828675497e+03 4.554088003698650482e+02
1.514038963734552908e+03 4.503900769207112944e+02
1.603600059085135399e+03 4.453340788560641386e+02
1.693719086572084279e+03 4.402400154867466426e+02
1.784397373928010666e+03 4.351075874138045947e+02
1.875635269893382883e+03 4.299375855991839899e+02
1.967430576074319106e+03 4.247327058863337470e+02
2.059776061738215503e+03 4.194986147167194304e+02
2.152655801769209575e+03 4.142453065504749929e+02
5.676920418581478316e+02 4.194621572265468785e+02
6.509572345336034687e+02 4.145302000554022470e+02
7.347678567129518115e+02 4.095670549437446653e+02
8.191223609104554271e+02 4.045700748704656462e+02
9.040210308516257101e+02 3.995377819644934334e+02
9.894650574281980653e+02 3.944695103826554714e+02
1.075455918131510089e+03 3.893650838346122782e+02
1.161995022717074335e+03 3.842245384016791832e+02
1.249083578391682067e+03 3.790479028581911507e+02
1.336722616976070185e+03 3.738350504739501048e+02
1.424913114089243663e+03 3.685856382791839678e+02
1.513656116209341235e+03 3.632991520373266212e+02
1.602952775248149464e+03 3.579750777264152930e+02
1.692804171760301870e+03 3.526132232110103359e+02
1.783210786789579743e+03 3.472142170308311506e+02
1.874171458293183150e+03 3.417802148811645111e+02
1.965681630700179539e+03 3.363158484592806872e+02
2.057730675028233691e+03 3.308294559510504769e+02
2.150298021630142102e+03 3.253346385883114635e+02
6.972943397378629697e+02 2.015530703933579389e+03
7.776511017684076705e+02 2.015834049224497903e+03
8.584734194798378439e+02 2.016103594965874436e+03
9.397597208901031536e+02 2.016343037668324996e+03
1.021509851713510784e+03 2.016554689529088819e+03
1.103724836470703394e+03 2.016739856786970449e+03
1.186406414571255254e+03 2.016899131314458828e+03
1.269556725657130983e+03 2.017032608164579415e+03
1.353178099800366681e+03 2.017140019482344769e+03
1.437272900219611529e+03 2.017220774099575920e+03
1.521843357107022484e+03 2.017273890913828382e+03
1.606891320778532872e+03 2.017297812794434321e+03
1.692417850495934772e+03 2.017290086247368890e+03
1.778422541755770908e+03 2.017246890390490535e+03
1.864902479370299716e+03 2.017162396925117719e+03
1.951850686024973129e+03 2.017027940720623292e+03
2.039253915899619415e+03 2.016830978335896361e+03
2.127089620067458782e+03 2.016553809263347603e+03
2.215322242688031110e+03 2.016172150552376252e+03
6.992153106533320397e+02 1.931588287315488742e+03
7.793934861472060902e+02 1.931627785745718484e+03
8.600304139162204820e+02 1.931637629162351459e+03
9.411260712705268361e+02 1.931620149564282201e+03
1.022681420662672508e+03 1.931576563291672528e+03
1.104698248076907475e+03 1.931507343192071630e+03
1.187178779044739031e+03 1.931412491676677746e+03
1.270125448776582289e+03 1.931291747964769229e+03
1.353540783542743384e+03 1.931144721149380302e+03
1.437427342753020412e+03 1.930970939778307184e+03
1.521787662389723664e+03 1.930769807597529962e+03
1.606624130387590867e+03 1.930540453938429437e+03
1.691938713050541992e+03 1.930281465934200014e+03
1.777732438452555698e+03 1.929990488311932268e+03
1.864004527767601758e+03 1.929663674911121234e+03
1.950751048364236340e+03 1.929294974311795613e+03
2.037962943007415561e+03 1.928875229999565363e+03
2.125623267323581786e+03 1.928391073332713177e+03
2.213703442458694553e+03 1.927823585188350535e+03
7.011217417151997324e+02 1.847999962161224857e+03
7.811162415310503775e+02 1.847785362700264614e+03
8.615642469176215172e+02 1.847543551856727845e+03
9.424669573754456451e+02 1.847275781615316191e+03
1.023826165322975044e+03 1.846982408758042311e+03
1.105644165038663459e+03 1.846663258623257434e+03
1.187923439422790807e+03 1.846317876580609664e+03
1.270666504677358489e+03 1.845945721342129673e+03
1.353875871433326211e+03 1.845546292889660663e+03
1.437554073396165904e+03 1.845119187003144361e+03
1.521703706043448165e+03 1.844664067488392675e+03
1.606327408140102534e+03 1.844180546218249219e+03
1.691427707667695358e+03 1.843667960008023329e+03
1.777006641002333708e+03 1.843125032134530784e+03
1.863065039607353356e+03 1.842549404966799329e+03
1.949601361891748638e+03 1.841937028693383127e+03
2.036609928954663246e+03 1.841281389493006827e+03
2.124078401389567262e+03 1.840572558687553055e+03
2.211984309822881187e+03 1.839796042423537529e+03
7.030062261535319976e+02 1.764779865566106309e+03
7.828137970405199439e+02 1.764318264292233380e+03
8.630708394184484860e+02 1.763830645288093137e+03
9.437795024419891661e+02 1.763317438574685866e+03
1.024942176788593770e+03 1.762778357095253796e+03
1.106561468015415585e+03 1.762212750608216538e+03
1.188639945509823747e+03 1.761619833155681135e+03
1.271180052183427051e+03 1.760998859500402887e+03
1.354184134700475170e+03 1.760349244390402419e+03
1.437654546780880082e+03 1.759670617850038752e+03
1.521593769817985049e+03 1.758962808962598501e+03
1.606004485553939276e+03 1.758225749795630691e+03
1.690889524695387991e+03 1.757459290218935621e+03
1.776251602943285434e+03 1.756662913368322734e+03
1.862092741744768773e+03 1.755835340407337526e+03
1.948413254918832990e+03 1.754974012024668582e+03
2.035210163900152111e+03 1.754074432766810787e+03
2.122474883394650988e+03 1.753129362832595916e+03
2.210189995420077139e+03 1.752127840336572262e+03
7.048642140329878885e+02 1.681934935147475471e+03
7.844829496502950406e+02 1.681231390474230693e+03
8.645480338732451173e+02 1.680502129852675807e+03
9.450623404627542641e+02 1.679746991372715456e+03
1.026028674230266915e+03 1.678965237153232010e+03
1.107449803211442031e+03 1.678155896629129074e+03
1.189328261813917834e+03 1.677317968150239267e+03
1.271666316627010474e+03 1.676450576229284025e+03
1.354466055819910707e+03 1.675553079316292497e+03
1.437729555995193550e+03 1.674625122444470435e+03
1.521459072282611714e+03 1.673666628502777257e+03
1.605657188210617733e+03 1.672677721238388131e+03
1.690326851318500985e+03 1.671658572372328763e+03
1.775471208389645653e+03 1.670609164418067849e+03
1.861093140393639032e+03 1.669528959919367935e+03
1.947194381494916342e+03 1.668416466863515325e+03
2.033774088564608519e+03 1.667268688971776101e+03
2.120826707236368748e+03 1.666080448412762507e+03
2.208338957359077995e+03 1.664843567217793407e+03
7.066932638565571096e+02 1.599467555853911108e+03
7.861218367677079186e+02 1.598525512728058175e+03
8.659950530270393756e+02 1.597557673395782103e+03
9.463151773086350431e+02 1.596563139065810674e+03
1.027085668391427134e+03 1.595541005230496694e+03
1.108309348956730673e+03 1.594490117613213442e+03
1.189988638668855629e+03 1.593409361880471806e+03
1.272125567773377043e+03 1.592297799954879792e+03
1.354721916375855926e+03 1.591154764106229095e+03
1.437779434460557923e+03 1.589979904251234530e+03
1.521300089827514739e+03 1.588773183439335980e+03
1.605286282108665546e+03 1.587534816003327251e+03
1.689740950712747235e+03 1.586265142305815971e+03
1.774667492768010106e+03 1.584964433411811569e+03
1.860069393684512761e+03 1.583632618360008564e+03
1.945949457622934460e+03 1.582268925986227259e+03
2.032308507687656402e+03 1.580871432467430168e+03
2.119143405782172522e+03 1.579436504898789508e+03
2.206444219466287905e+03 1.577958130284326671e+03
7.084924230873822353e+02 1.517377491176967624e+03
7.877309293130967944e+02 1.516199568529242924e+03
8.674120546169682484e+02 1.514995182084468752e+03
9.475384308425309428e+02 1.513763148781552445e+03
1.028113686754107221e+03 1.512502447693274007e+03
1.109140626187300313e+03 1.511211857485385508e+03
1.190621508961539803e+03 1.509890239703481711e+03
1.272558104452346242e+03 1.508536652923245583e+03
1.354951872037723433e+03 1.507150431543450395e+03
1.437804224545395527e+03 1.505731225683970251e+03
1.521116823130343619e+03 1.504278998327832596e+03
1.604891843205876285e+03 1.502793975493647167e+03
1.689132140983076397e+03 1.501276544840626457e+03
1.773841238671431029e+03 1.499727097691008566e+03
1.859023033265604454e+03 1.498145809002000533e+03
1.944681118874700360e+03 1.496532349329392673e+03
2.030817595500505831e+03 1.494885522295666533e+03
2.117431217771427328e+03 1.493202820504689498e+03
2.204514715088892444e+03 1.491479892230838686e+03
7.102617235500606512e+02 1.435663228863934364e+03
7.893103237221330346e+02 1.434251303046348312e+03
8.687997712545361537e+02 1.432812006010321738e+03
9.487329409897006371e+02 1.431344008580967284e+03
1.029113553112774753e+03 1.429846293318495100e+03
1.109944347397707588e+03 1.428317667791758595e+03
1.191227406941323579e+03 1.426757042362145967e+03
1.272964244353523327e+03 1.425163521416948925e+03
1.355156015174766253e+03 1.423536465778423462e+03
1.437803815596626919e+03 1.421875523734975332e+03
1.520909014032334198e+03 1.420180627941598686e+03
1.604473557471810636e+03 1.418451955223086543e+03
1.688500183710522833e+03 1.416689846085416775e+03
1.772992459296111065e+03 1.414894680497951413e+03
1.857954550203990493e+03 1.413066706251742517e+03
1.943390617623364506e+03 1.411205815927448384e+03
2.029303714574088190e+03 1.409311268220523743e+03
2.115694040120775298e+03 1.407381349072031753e+03
2.202556386411121821e+03 1.405412967741451894e+03
7.120017791400800888e+02 1.354322856280104588e+03
7.908609110552312131e+02 1.352678469575877671e+03
8.701588591460154021e+02 1.351005504490837666e+03
9.498997417252286368e+02 1.349303112451453671e+03
1.030086215117836673e+03 1.347569856235358429e+03
1.110721299283381313e+03 1.345804820098871460e+03
1.191806906045613459e+03 1.344007019916479749e+03
1.273344317704052628e+03 1.342175643920211314e+03
1.355334425687012754e+03 1.340310098124030901e+03
1.437778053910289373e+03 1.338410027565103974e+03
1.520676317380009550e+03 1.336475311670002839e+03
1.604030958143157932e+03 1.334506031973270183e+03
1.687844591048885150e+03 1.332502410336695903e+03
1.772120780774491550e+03 1.330464715741710734e+03
1.856863859009316457e+03 1.328393137656468753e+03
1.942078376373184483e+03 1.326287623915651693e+03
2.027768067345190730e+03 1.324147680997482439e+03
2.113934187938203650e+03 1.321972134541978676e+03
2.200573064789637101e+03 1.319758847930673028e+03
7.137134745965972797e+02 1.273354567237850688e+03
7.923837370237376945e+02 1.271479170807570654e+03
8.714911355493728706e+02 1.269574086400918986e+03
9.510398878348156586e+02 1.267638582659594249e+03
1.031032614090743209e+03 1.265671316106153199e+03
1.111472254868114078e+03 1.263671554372065884e+03
1.192360573083918780e+03 1.261638459188369325e+03
1.273698663777507363e+03 1.259571329053749196e+03
1.355487210673991285e+03 1.257469627520162248e+03
1.437726827009399813e+03 1.255332994220220826e+03
1.520418432029045107e+03 1.253161237964132852e+03
1.603563606297537717e+03 1.250954311280768934e+03
1.687164859505908908e+03 1.248712265841111048e+03
1.771225733668932662e+03 1.246435188286154016e+03
1.855750652295516829e+03 1.244123116088963798e+03
1.940744412087498404e+03 1.241775933216307976e+03
2.026211197754385694e+03 1.239393245523840051e+03
2.112152982374624116e+03 1.236974236025758273e+03
2.198567155109954911e+03 1.234517500431340522e+03
7.153977352918677752e+02 1.192756890234690900e+03
7.938798089208720512e+02 1.190652020077251564e+03
8.727972546830505962e+02 1.188516349400288391e+03
9.521539806794869492e+02 1.186349111036391150e+03
1.031953592076887389e+03 1.184149729534902008e+03
1.112197911428803991e+03 1.181917058652568812e+03
1.192888936485115437e+03 1.179650641513920164e+03
1.274027629383833073e+03 1.177349901701010140e+03
1.355614533594885188e+03 1.175014365879271963e+03
1.437650124451734200e+03 1.172643664648473987e+03
1.520135194874628723e+03 1.170237523150889729e+03
1.603071220332275743e+03 1.167795741917675059e+03
1.686460637806918839e+03 1.165318168635247503e+03
1.770306962934011381e+03 1.162804661750590867e+03
1.854614657407580125e+03 1.160255047113322917e+03
1.939388644981080233e+03 1.157669069179070220e+03
2.024633358733412251e+03 1.155046338680162080e+03
2.110351184467775965e+03 1.152386279113535466e+03
2.196540144896055153e+03 1.149688074910777686e+03
7.170553690712156367e+02 1.112528717475262965e+03
7.953499649617082241e+02 1.110196107878026169e+03
8.740780364938334515e+02 1.107831611168847758e+03
9.532434697198279991e+02 1.105434640165080509e+03
1.032849831697830041e+03 1.103004855458640350e+03
1.112898850991028894e+03 1.100541263918770255e+03
1.193392466634505809e+03 1.098043615948088473e+03
1.274331568665966415e+03 1.095511463866122767e+03
1.355716633596419342e+03 1.092944396393970919e+03
1.437548077252256235e+03 1.090342029794583596e+03
1.519826641465828516e+03 1.087703996251158287e+03
1.602553759450068583e+03 1.085029931035919162e+03
1.685731835566695736e+03 1.082319460354363173e+03
1.769364364785183170e+03 1.079572192134775833e+03
1.853455805260474790e+03 1.076787712476393381e+03
1.938011103940966905e+03 1.073965590979941226e+03
2.023034759741809239e+03 1.071105398770186639e+03
2.108529291344780631e+03 1.068206743691520160e+03
2.194492956850047449e+03 1.065269327925432890e+03
7.186869721509290230e+02 1.032669204658092895e+03
7.967947990270117771e+02 1.030110844171475719e+03
8.753340516543798913e+02 1.027519551610885173e+03
9.543085526808908980e+02 1.024894925884943177e+03
1.033721486522917758e+03 1.022236612695258145e+03
1.113575520580470311e+03 1.019544527880725241e+03
1.193871566612217066e+03 1.016817862743405271e+03
1.274610843681557981e+03 1.014056546280052999e+03
1.355793835699270176e+03 1.011260222147385434e+03
1.437420977874312939e+03 1.008428485573886746e+03
1.519493036478465456e+03 1.005560870213473208e+03
1.602011465809994206e+03 1.002656842151613546e+03
1.684978678882796885e+03 9.997158041177642644e+02
1.768398158120311791e+03 9.967371134850307044e+02
1.852274320657135149e+03 9.937201182403442772e+02
1.936612039559409823e+03 9.906642157957074915e+02
2.021415707159665999e+03 9.875689402938058947e+02
2.106687709530917800e+03 9.844340849515388072e+02
2.192426161639701604e+03 9.812598669959290874e+02
7.202928919570475728e+02 9.531776031647158334e+02
7.982146345865693320e+02 9.503957385908252036e+02
8.765656042360085394e+02 9.475799473656649070e+02
9.553495233890547524e+02 9.447299982591868002e+02
1.034569512452805839e+03 9.418457290892091578e+02
1.114227913572414309e+03 9.389270011370008433e+02
1.194326571896225914e+03 9.359739127867858315e+02
1.274865825380634988e+03 9.329857174597520952e+02
1.355846552541289839e+03 9.299623728674149561e+02
1.437269282620349259e+03 9.269034458265196008e+02
1.519134877060154395e+03 9.238083700535447633e+02
1.601444869596931539e+03 9.206764479890673556e+02
1.684201718405749261e+03 9.175068721881455076e+02
1.767408897421947586e+03 9.142987711348280300e+02
1.851070742463653914e+03 9.110512850947442303e+02
1.935191954693637399e+03 9.077636784778004539e+02
2.019776649083174107e+03 9.044354961557987735e+02
2.104826818648803965e+03 9.010667722810140958e+02
2.190340066071936235e+03 8.976583013969375315e+02
7.218732405743522804e+02 8.740530788848553811e+02
7.996095422779803812e+02 8.710501731347382020e+02
8.777727510449428792e+02 8.680124041510277948e+02
9.563664538485071489e+02 8.649396740466681877e+02
1.035393701233222828e+03 8.618319768992429317e+02
1.114856830684522265e+03 8.586893266087780603e+02
1.194757461140865871e+03 8.555116907053439945e+02
1.275096894704118768e+03 8.522992086936810665e+02
1.355875278377393442e+03 8.490510292719114886e+02
1.437093598136550554e+03 8.457669737818469002e+02
1.518752871821145391e+03 8.424463796293515543e+02
1.600854760892293825e+03 8.390884012377550789e+02
1.683401794934312420e+03 8.356920499139309868e+02
1.766397433416341983e+03 8.322562686256001143e+02
1.849845881214997007e+03 8.287800487011249970e+02
1.933751561500262142e+03 8.252625964865505921e+02
2.018118134930931774e+03 8.217035591511621533e+02
2.102946937470755984e+03 8.181033201380359969e+02
2.188234690274599416e+03 8.144633762273995217e+02
7.234279531798175640e+02 7.952945653460126323e+02
8.009793962438694734e+02 7.920732153101660060e+02
8.789553534656783995e+02 7.888161352535154265e+02
9.573592393981806481e+02 7.855233060448272226e+02
1.036194025083105998e+03 7.821948267900102110e+02
1.115462056709227681e+03 7.788308180922799693e+02
1.195165040269456995e+03 7.754313353795037074e+02
1.275304164288397715e+03 7.719962954688273840e+02
1.355880576032448062e+03 7.685257170406281375e+02
1.436894653636275279e+03 7.650184849993250964e+02
1.518347898023782818e+03 7.614741610519055257e+02
1.600242131891294321e+03 7.578917783666080368e+02
1.682579967123253027e+03 7.542702123607955400e+02
1.765364827174529864e+03 7.506082861010769420e+02
1.848600720996578730e+03 7.469049293842831503e+02
1.932291673018804886e+03 7.431594010639887529e+02
2.016440699241332823e+03 7.393715855219893456e+02
2.101048203095602730e+03 7.355423756868733562e+02
2.186109646142824204e+03 7.316741566920782134e+02
7.249568864655477682e+02 7.169006929973083970e+02
8.023239648906753700e+02 7.134635138018536509e+02
8.801131581426352568e+02 7.099898285284891699e+02
9.583276670860395825e+02 7.064796265198078800e+02
1.036970366929954935e+03 7.029330476043571707e+02
1.116043617008866931e+03 6.993502629258971410e+02
1.195549231011183565e+03 6.957313699856970288e+02
1.275488579773309993e+03 6.920763056846419659e+02
1.355862793695140454e+03 6.883847817170930057e+02
1.436673026059006816e+03 6.846562473108847371e+02
1.517920939320654497e+03 6.808901939165784825e+02
1.599608092704347200e+03 6.770849446684969735e+02
1.681737405473031458e+03 6.732396228975680970e+02
1.764312222806363934e+03 6.693530206440591428e+02
1.847336271789537477e+03 6.654241229616985720e+02
1.930813036590993761e+03 6.614523878859949946e+02
2.014744678115323495e+03 6.574381154118502764e+02
2.099130372948222430e+03 6.533829197503275736e+02
2.183963928076917909e+03 6.492903210369692033e+02
7.264599526193661632e+02 6.388698313426693858e+02
8.036430322315795820e+02 6.352193135398488266e+02
8.812459032650663175e+02 6.315316390096602390e+02
9.592715046381540560e+02 6.278067221059096710e+02
1.037722589976529662e+03 6.240446684603599579e+02
1.116601524432238193e+03 6.202456357470489365e+02
1.195910236003987848e+03 6.164097128563915930e+02
1.275650293468804648e+03 6.125368218796701285e+02
1.355823078007771755e+03 6.086266479417851087e+02
1.436430009878193232e+03 6.046786026430841048e+02
1.517472784954080907e+03 6.006918276898138629e+02
1.598953763700200625e+03 5.966655825652455860e+02
1.680875256392049323e+03 5.925979967113150906e+02
1.763240683415423518e+03 5.884882925734817718e+02
1.846053377874520947e+03 5.843356578773417596e+02
1.929316115692881795e+03 5.801399336209835838e+02
2.013029965925536544e+03 5.759020580261089890e+02
2.097192558335392278e+03 5.716246303974388638e+02
2.181795625934081727e+03 5.673126131051595848e+02
7.279372849328605071e+02 5.612002760522691460e+02
8.049365464202026033e+02 5.573386224277747942e+02
8.823534476051244155e+02 5.534393395708625576e+02
9.601906077240910236e+02 5.495021728459500991e+02
1.038450621068120427e+03 5.455271107615967594e+02
1.117135836818697953e+03 5.415142282293616063e+02
1.196248287054542288e+03 5.374635525012899961e+02
1.275789734979090554e+03 5.333749567999567489e+02
1.355761810419429594e+03 5.292480873633135161e+02
1.436166193952991762e+03 5.250823304288123836e+02
1.517004804533236211e+03 5.208768265883006734e+02
1.598279938103093855e+03 5.166305409692058674e+02
1.679994296286047756e+03 5.123423988518848091e+02
1.762150994546954280e+03 5.080118560386277977e+02
1.844752487354670393e+03 5.036377579724188536e+02
1.927800826118672603e+03 4.992209188229040819e+02
2.011295719164216962e+03 4.947631831276595449e+02
2.095232897425582451e+03 4.902684521117072336e+02
2.179601569125329206e+03 4.857434988961649651e+02
