6.479952572389228180e+02
5.236856301315681250e+00
1.291472125297192519e-01
-1.236629577396267221e+00
9.219616218292472779e-04
-5.309390091380569628e-05
-6.169410000280854721e-04
3.066037629910292085e-03
3.390954485932648889e-04
1.541312402340674329e-07
-2.427427212281201859e-08
-5.772333284703987315e-07
-7.350870048534086283e-08
-2.213440924559738499e-06
2.786046744629308459e-06
1.426716629106280355e-07
-1.244777006548646254e-03
3.252307139834991032e-06
4.753838188439142698e-07
