3001 	  0.000 	  80.000 	  0.000
3002 	 40.000 	  80.000 	  0.000
3003 	 80.000 	  80.000 	  0.000
3004 	 120.000 	  80.000 	  0.000
3005 	 160.000 	  80.000 	  0.000
3006 	 200.000 	  80.000 	  0.000
3007 	 240.000 	  80.000 	  0.000
3008 	 280.000 	  80.000 	  0.000
3009 	 320.000 	  80.000 	  0.000
3010 	 360.000 	  80.000 	  0.000
3011 	 400.000 	  80.000 	  0.000
3012 	 440.000 	  80.000 	  0.000
3013 	 480.000 	  80.000 	  0.000
3014 	 520.000 	  80.000 	  0.000
3015 	 560.000 	  80.000 	  0.000
3016 	 600.000 	  80.000 	  0.000
3017 	 640.000 	  80.000 	  0.000
3018 	 680.000 	  80.000 	  0.000
3019 	 720.000 	  80.000 	  0.000
3020 	 760.000 	  80.000 	  0.000
3021 	 800.000 	  80.000 	  0.000
3022 	 840.000 	  80.000 	  0.000
3023 	 880.000 	  80.000 	  0.000
3024 	 920.000 	  80.000 	  0.000
3025 	 960.000 	  80.000 	  0.000
3026 	  0.000 	  120.000 	  0.000
3027 	 40.000 	  120.000 	  0.000
3028 	 80.000 	  120.000 	  0.000
3029 	 120.000 	  120.000 	  0.000
3030 	 160.000 	  120.000 	  0.000
3031 	 200.000 	  120.000 	  0.000
3032 	 240.000 	  120.000 	  0.000
3033 	 280.000 	  120.000 	  0.000
3034 	 320.000 	  120.000 	  0.000
3035 	 360.000 	  120.000 	  0.000
3036 	 400.000 	  120.000 	  0.000
3037 	 440.000 	  120.000 	  0.000
3038 	 480.000 	  120.000 	  0.000
3039 	 520.000 	  120.000 	  0.000
3040 	 560.000 	  120.000 	  0.000
3041 	 600.000 	  120.000 	  0.000
3042 	 640.000 	  120.000 	  0.000
3043 	 680.000 	  120.000 	  0.000
3044 	 720.000 	  120.000 	  0.000
3045 	 760.000 	  120.000 	  0.000
3046 	 800.000 	  120.000 	  0.000
3047 	 840.000 	  120.000 	  0.000
3048 	 880.000 	  120.000 	  0.000
3049 	 920.000 	  120.000 	  0.000
3050 	 960.000 	  120.000 	  0.000
3051 	  0.000 	  160.000 	  0.000
3052 	 40.000 	  160.000 	  0.000
3053 	 80.000 	  160.000 	  0.000
3054 	 120.000 	  160.000 	  0.000
3055 	 160.000 	  160.000 	  0.000
3056 	 200.000 	  160.000 	  0.000
3057 	 240.000 	  160.000 	  0.000
3058 	 280.000 	  160.000 	  0.000
3059 	 320.000 	  160.000 	  0.000
3060 	 360.000 	  160.000 	  0.000
3061 	 400.000 	  160.000 	  0.000
3062 	 440.000 	  160.000 	  0.000
3063 	 480.000 	  160.000 	  0.000
3064 	 520.000 	  160.000 	  0.000
3065 	 560.000 	  160.000 	  0.000
3066 	 600.000 	  160.000 	  0.000
3067 	 640.000 	  160.000 	  0.000
3068 	 680.000 	  160.000 	  0.000
3069 	 720.000 	  160.000 	  0.000
3070 	 760.000 	  160.000 	  0.000
3071 	 800.000 	  160.000 	  0.000
3072 	 840.000 	  160.000 	  0.000
3073 	 880.000 	  160.000 	  0.000
3074 	 920.000 	  160.000 	  0.000
3075 	 960.000 	  160.000 	  0.000
3076 	  0.000 	  200.000 	  0.000
3077 	 40.000 	  200.000 	  0.000
3078 	 80.000 	  200.000 	  0.000
3079 	 120.000 	  200.000 	  0.000
3080 	 160.000 	  200.000 	  0.000
3081 	 200.000 	  200.000 	  0.000
3082 	 240.000 	  200.000 	  0.000
3083 	 280.000 	  200.000 	  0.000
3084 	 320.000 	  200.000 	  0.000
3085 	 360.000 	  200.000 	  0.000
3086 	 400.000 	  200.000 	  0.000
3087 	 440.000 	  200.000 	  0.000
3088 	 480.000 	  200.000 	  0.000
3089 	 520.000 	  200.000 	  0.000
3090 	 560.000 	  200.000 	  0.000
3091 	 600.000 	  200.000 	  0.000
3092 	 640.000 	  200.000 	  0.000
3093 	 680.000 	  200.000 	  0.000
3094 	 720.000 	  200.000 	  0.000
3095 	 760.000 	  200.000 	  0.000
3096 	 800.000 	  200.000 	  0.000
3097 	 840.000 	  200.000 	  0.000
3098 	 880.000 	  200.000 	  0.000
3099 	 920.000 	  200.000 	  0.000
3100 	 960.000 	  200.000 	  0.000
3101 	  0.000 	  240.000 	  0.000
3102 	 40.000 	  240.000 	  0.000
3103 	 80.000 	  240.000 	  0.000
3104 	 120.000 	  240.000 	  0.000
3105 	 160.000 	  240.000 	  0.000
3106 	 200.000 	  240.000 	  0.000
3107 	 240.000 	  240.000 	  0.000
3108 	 280.000 	  240.000 	  0.000
3109 	 320.000 	  240.000 	  0.000
3110 	 360.000 	  240.000 	  0.000
3111 	 400.000 	  240.000 	  0.000
3112 	 440.000 	  240.000 	  0.000
3113 	 480.000 	  240.000 	  0.000
3114 	 520.000 	  240.000 	  0.000
3115 	 560.000 	  240.000 	  0.000
3116 	 600.000 	  240.000 	  0.000
3117 	 640.000 	  240.000 	  0.000
3118 	 680.000 	  240.000 	  0.000
3119 	 720.000 	  240.000 	  0.000
3120 	 760.000 	  240.000 	  0.000
3121 	 800.000 	  240.000 	  0.000
3122 	 840.000 	  240.000 	  0.000
3123 	 880.000 	  240.000 	  0.000
3124 	 920.000 	  240.000 	  0.000
3125 	 960.000 	  240.000 	  0.000
3126 	  0.000 	  280.000 	  0.000
3127 	 40.000 	  280.000 	  0.000
3128 	 80.000 	  280.000 	  0.000
3129 	 120.000 	  280.000 	  0.000
3130 	 160.000 	  280.000 	  0.000
3131 	 200.000 	  280.000 	  0.000
3132 	 240.000 	  280.000 	  0.000
3133 	 280.000 	  280.000 	  0.000
3134 	 320.000 	  280.000 	  0.000
3135 	 360.000 	  280.000 	  0.000
3136 	 400.000 	  280.000 	  0.000
3137 	 440.000 	  280.000 	  0.000
3138 	 480.000 	  280.000 	  0.000
3139 	 520.000 	  280.000 	  0.000
3140 	 560.000 	  280.000 	  0.000
3141 	 600.000 	  280.000 	  0.000
3142 	 640.000 	  280.000 	  0.000
3143 	 680.000 	  280.000 	  0.000
3144 	 720.000 	  280.000 	  0.000
3145 	 760.000 	  280.000 	  0.000
3146 	 800.000 	  280.000 	  0.000
3147 	 840.000 	  280.000 	  0.000
3148 	 880.000 	  280.000 	  0.000
3149 	 920.000 	  280.000 	  0.000
3150 	 960.000 	  280.000 	  0.000
3151 	  0.000 	  320.000 	  0.000
3152 	 40.000 	  320.000 	  0.000
3153 	 80.000 	  320.000 	  0.000
3154 	 120.000 	  320.000 	  0.000
3155 	 160.000 	  320.000 	  0.000
3156 	 200.000 	  320.000 	  0.000
3157 	 240.000 	  320.000 	  0.000
3158 	 280.000 	  320.000 	  0.000
3159 	 320.000 	  320.000 	  0.000
3160 	 360.000 	  320.000 	  0.000
3161 	 400.000 	  320.000 	  0.000
3162 	 440.000 	  320.000 	  0.000
3163 	 480.000 	  320.000 	  0.000
3164 	 520.000 	  320.000 	  0.000
3165 	 560.000 	  320.000 	  0.000
3166 	 600.000 	  320.000 	  0.000
3167 	 640.000 	  320.000 	  0.000
3168 	 680.000 	  320.000 	  0.000
3169 	 720.000 	  320.000 	  0.000
3170 	 760.000 	  320.000 	  0.000
3171 	 800.000 	  320.000 	  0.000
3172 	 840.000 	  320.000 	  0.000
3173 	 880.000 	  320.000 	  0.000
3174 	 920.000 	  320.000 	  0.000
3175 	 960.000 	  320.000 	  0.000
3176 	  0.000 	  360.000 	  0.000
3177 	 40.000 	  360.000 	  0.000
3178 	 80.000 	  360.000 	  0.000
3179 	 120.000 	  360.000 	  0.000
3180 	 160.000 	  360.000 	  0.000
3181 	 200.000 	  360.000 	  0.000
3182 	 240.000 	  360.000 	  0.000
3183 	 280.000 	  360.000 	  0.000
3184 	 320.000 	  360.000 	  0.000
3185 	 360.000 	  360.000 	  0.000
3186 	 400.000 	  360.000 	  0.000
3187 	 440.000 	  360.000 	  0.000
3188 	 480.000 	  360.000 	  0.000
3189 	 520.000 	  360.000 	  0.000
3190 	 560.000 	  360.000 	  0.000
3191 	 600.000 	  360.000 	  0.000
3192 	 640.000 	  360.000 	  0.000
3193 	 680.000 	  360.000 	  0.000
3194 	 720.000 	  360.000 	  0.000
3195 	 760.000 	  360.000 	  0.000
3196 	 800.000 	  360.000 	  0.000
3197 	 840.000 	  360.000 	  0.000
3198 	 880.000 	  360.000 	  0.000
3199 	 920.000 	  360.000 	  0.000
3200 	 960.000 	  360.000 	  0.000
3201 	  0.000 	  400.000 	  0.000
3202 	 40.000 	  400.000 	  0.000
3203 	 80.000 	  400.000 	  0.000
3204 	 120.000 	  400.000 	  0.000
3205 	 160.000 	  400.000 	  0.000
3206 	 200.000 	  400.000 	  0.000
3207 	 240.000 	  400.000 	  0.000
3208 	 280.000 	  400.000 	  0.000
3209 	 320.000 	  400.000 	  0.000
3210 	 360.000 	  400.000 	  0.000
3211 	 400.000 	  400.000 	  0.000
3212 	 440.000 	  400.000 	  0.000
3213 	 480.000 	  400.000 	  0.000
3214 	 520.000 	  400.000 	  0.000
3215 	 560.000 	  400.000 	  0.000
3216 	 600.000 	  400.000 	  0.000
3217 	 640.000 	  400.000 	  0.000
3218 	 680.000 	  400.000 	  0.000
3219 	 720.000 	  400.000 	  0.000
3220 	 760.000 	  400.000 	  0.000
3221 	 800.000 	  400.000 	  0.000
3222 	 840.000 	  400.000 	  0.000
3223 	 880.000 	  400.000 	  0.000
3224 	 920.000 	  400.000 	  0.000
3225 	 960.000 	  400.000 	  0.000
3226 	  0.000 	  440.000 	  0.000
3227 	 40.000 	  440.000 	  0.000
3228 	 80.000 	  440.000 	  0.000
3229 	 120.000 	  440.000 	  0.000
3230 	 160.000 	  440.000 	  0.000
3231 	 200.000 	  440.000 	  0.000
3232 	 240.000 	  440.000 	  0.000
3233 	 280.000 	  440.000 	  0.000
3234 	 320.000 	  440.000 	  0.000
3235 	 360.000 	  440.000 	  0.000
3236 	 400.000 	  440.000 	  0.000
3237 	 440.000 	  440.000 	  0.000
3238 	 480.000 	  440.000 	  0.000
3239 	 520.000 	  440.000 	  0.000
3240 	 560.000 	  440.000 	  0.000
3241 	 600.000 	  440.000 	  0.000
3242 	 640.000 	  440.000 	  0.000
3243 	 680.000 	  440.000 	  0.000
3244 	 720.000 	  440.000 	  0.000
3245 	 760.000 	  440.000 	  0.000
3246 	 800.000 	  440.000 	  0.000
3247 	 840.000 	  440.000 	  0.000
3248 	 880.000 	  440.000 	  0.000
3249 	 920.000 	  440.000 	  0.000
3250 	 960.000 	  440.000 	  0.000
3251 	  0.000 	  480.000 	  0.000
3252 	 40.000 	  480.000 	  0.000
3253 	 80.000 	  480.000 	  0.000
3254 	 120.000 	  480.000 	  0.000
3255 	 160.000 	  480.000 	  0.000
3256 	 200.000 	  480.000 	  0.000
3257 	 240.000 	  480.000 	  0.000
3258 	 280.000 	  480.000 	  0.000
3259 	 320.000 	  480.000 	  0.000
3260 	 360.000 	  480.000 	  0.000
3261 	 400.000 	  480.000 	  0.000
3262 	 440.000 	  480.000 	  0.000
3263 	 480.000 	  480.000 	  0.000
3264 	 520.000 	  480.000 	  0.000
3265 	 560.000 	  480.000 	  0.000
3266 	 600.000 	  480.000 	  0.000
3267 	 640.000 	  480.000 	  0.000
3268 	 680.000 	  480.000 	  0.000
3269 	 720.000 	  480.000 	  0.000
3270 	 760.000 	  480.000 	  0.000
3271 	 800.000 	  480.000 	  0.000
3272 	 840.000 	  480.000 	  0.000
3273 	 880.000 	  480.000 	  0.000
3274 	 920.000 	  480.000 	  0.000
3275 	 960.000 	  480.000 	  0.000
3276 	  0.000 	  520.000 	  0.000
3277 	 40.000 	  520.000 	  0.000
3278 	 80.000 	  520.000 	  0.000
3279 	 120.000 	  520.000 	  0.000
3280 	 160.000 	  520.000 	  0.000
3281 	 200.000 	  520.000 	  0.000
3282 	 240.000 	  520.000 	  0.000
3283 	 280.000 	  520.000 	  0.000
3284 	 320.000 	  520.000 	  0.000
3285 	 360.000 	  520.000 	  0.000
3286 	 400.000 	  520.000 	  0.000
3287 	 440.000 	  520.000 	  0.000
3288 	 480.000 	  520.000 	  0.000
3289 	 520.000 	  520.000 	  0.000
3290 	 560.000 	  520.000 	  0.000
3291 	 600.000 	  520.000 	  0.000
3292 	 640.000 	  520.000 	  0.000
3293 	 680.000 	  520.000 	  0.000
3294 	 720.000 	  520.000 	  0.000
3295 	 760.000 	  520.000 	  0.000
3296 	 800.000 	  520.000 	  0.000
3297 	 840.000 	  520.000 	  0.000
3298 	 880.000 	  520.000 	  0.000
3299 	 920.000 	  520.000 	  0.000
3300 	 960.000 	  520.000 	  0.000
3301 	  0.000 	  560.000 	  0.000
3302 	 40.000 	  560.000 	  0.000
3303 	 80.000 	  560.000 	  0.000
3304 	 120.000 	  560.000 	  0.000
3305 	 160.000 	  560.000 	  0.000
3306 	 200.000 	  560.000 	  0.000
3307 	 240.000 	  560.000 	  0.000
3308 	 280.000 	  560.000 	  0.000
3309 	 320.000 	  560.000 	  0.000
3310 	 360.000 	  560.000 	  0.000
3311 	 400.000 	  560.000 	  0.000
3312 	 440.000 	  560.000 	  0.000
3313 	 480.000 	  560.000 	  0.000
3314 	 520.000 	  560.000 	  0.000
3315 	 560.000 	  560.000 	  0.000
3316 	 600.000 	  560.000 	  0.000
3317 	 640.000 	  560.000 	  0.000
3318 	 680.000 	  560.000 	  0.000
3319 	 720.000 	  560.000 	  0.000
3320 	 760.000 	  560.000 	  0.000
3321 	 800.000 	  560.000 	  0.000
3322 	 840.000 	  560.000 	  0.000
3323 	 880.000 	  560.000 	  0.000
3324 	 920.000 	  560.000 	  0.000
3325 	 960.000 	  560.000 	  0.000
3326 	  0.000 	  600.000 	  0.000
3327 	 40.000 	  600.000 	  0.000
3328 	 80.000 	  600.000 	  0.000
3329 	 120.000 	  600.000 	  0.000
3330 	 160.000 	  600.000 	  0.000
3331 	 200.000 	  600.000 	  0.000
3332 	 240.000 	  600.000 	  0.000
3333 	 280.000 	  600.000 	  0.000
3334 	 320.000 	  600.000 	  0.000
3335 	 360.000 	  600.000 	  0.000
3336 	 400.000 	  600.000 	  0.000
3337 	 440.000 	  600.000 	  0.000
3338 	 480.000 	  600.000 	  0.000
3339 	 520.000 	  600.000 	  0.000
3340 	 560.000 	  600.000 	  0.000
3341 	 600.000 	  600.000 	  0.000
3342 	 640.000 	  600.000 	  0.000
3343 	 680.000 	  600.000 	  0.000
3344 	 720.000 	  600.000 	  0.000
3345 	 760.000 	  600.000 	  0.000
3346 	 800.000 	  600.000 	  0.000
3347 	 840.000 	  600.000 	  0.000
3348 	 880.000 	  600.000 	  0.000
3349 	 920.000 	  600.000 	  0.000
3350 	 960.000 	  600.000 	  0.000
3351 	  0.000 	  640.000 	  0.000
3352 	 40.000 	  640.000 	  0.000
3353 	 80.000 	  640.000 	  0.000
3354 	 120.000 	  640.000 	  0.000
3355 	 160.000 	  640.000 	  0.000
3356 	 200.000 	  640.000 	  0.000
3357 	 240.000 	  640.000 	  0.000
3358 	 280.000 	  640.000 	  0.000
3359 	 320.000 	  640.000 	  0.000
3360 	 360.000 	  640.000 	  0.000
3361 	 400.000 	  640.000 	  0.000
3362 	 440.000 	  640.000 	  0.000
3363 	 480.000 	  640.000 	  0.000
3364 	 520.000 	  640.000 	  0.000
3365 	 560.000 	  640.000 	  0.000
3366 	 600.000 	  640.000 	  0.000
3367 	 640.000 	  640.000 	  0.000
3368 	 680.000 	  640.000 	  0.000
3369 	 720.000 	  640.000 	  0.000
3370 	 760.000 	  640.000 	  0.000
3371 	 800.000 	  640.000 	  0.000
3372 	 840.000 	  640.000 	  0.000
3373 	 880.000 	  640.000 	  0.000
3374 	 920.000 	  640.000 	  0.000
3375 	 960.000 	  640.000 	  0.000
3376 	  0.000 	  680.000 	  0.000
3377 	 40.000 	  680.000 	  0.000
3378 	 80.000 	  680.000 	  0.000
3379 	 120.000 	  680.000 	  0.000
3380 	 160.000 	  680.000 	  0.000
3381 	 200.000 	  680.000 	  0.000
3382 	 240.000 	  680.000 	  0.000
3383 	 280.000 	  680.000 	  0.000
3384 	 320.000 	  680.000 	  0.000
3385 	 360.000 	  680.000 	  0.000
3386 	 400.000 	  680.000 	  0.000
3387 	 440.000 	  680.000 	  0.000
3388 	 480.000 	  680.000 	  0.000
3389 	 520.000 	  680.000 	  0.000
3390 	 560.000 	  680.000 	  0.000
3391 	 600.000 	  680.000 	  0.000
3392 	 640.000 	  680.000 	  0.000
3393 	 680.000 	  680.000 	  0.000
3394 	 720.000 	  680.000 	  0.000
3395 	 760.000 	  680.000 	  0.000
3396 	 800.000 	  680.000 	  0.000
3397 	 840.000 	  680.000 	  0.000
3398 	 880.000 	  680.000 	  0.000
3399 	 920.000 	  680.000 	  0.000
3400 	 960.000 	  680.000 	  0.000
