325
   1   179.486    90.703    26.432  232  259  230  319
   2   194.280    90.696    26.446  231  258  231  318
   3   194.266    75.886    26.386  250  277  249  337
   4   179.508   105.508    26.432  213  240  212  300
   5   164.680    90.716    26.431  233  260  229  320
   6   164.698   105.525    26.413  214  241  211  301
   7   209.059    75.860    26.411  249  276  250  336
   8   164.723   120.322    26.415  195  222  193  282
   9   179.456    75.887    26.400  251  278  248  338
  10   194.310   105.506    26.461  212  239  213  299
  11   179.536   120.321    26.433  194  221  194  281
  12   261.665   127.809    28.525  185  212  182  272
  13   149.907   105.535    26.381  215  242  210  302
  14   149.927   120.336    26.364  196  223  192  283
  15   135.148   164.763    26.159  139  164  135  232
  16    90.761   194.440    25.752  104  129   96  186
  17   164.744   135.134    26.356  174  201  173  262
  18   149.943   135.150    26.328  175  202  172  263
  19   105.550   179.610    25.940  122  147  115  204
  20   105.569   194.430    25.790  103  128   97  187
  21   120.347   179.610    25.976  121  146  116  205
  22   135.176   179.589    26.004  120  145  117  206
  23   223.839    75.863    26.445  248  275  251  335
  24   149.888    90.730    26.402  234  261  228  321
  25   135.157   149.959    26.228  157  183  153  245
  26   149.953   149.949    26.237  156  182  154  244
  27   105.572   209.262    25.630   85  109   79  170
  28   120.360   194.425    25.825  102  127   98  188
  29   209.070    90.667    26.486  230  257  232  317
  30    75.953   194.448    25.696  105  130   95  185
  31    90.762   209.273    25.614   86  110   78  169
  32    90.746   179.614    25.893  123  148  114  203
  33   194.230    61.070    26.374  269  296  267  356
  34   135.092   105.547    26.396  216  243  209  303
  35   120.334   164.782    26.110  140  165  134  230
  36   179.550   135.136    26.390  173  200  174  261
  37   164.769   149.938    26.295  155  181  155  243
  38   194.345   120.309    26.448  193  220  195  280
  39   135.122   135.154    26.328  176  203  171  264
  40   120.374   209.262    25.677   84  108   80  171
  41   135.192   194.418    25.876  101  126   99  189
  42    61.138   194.444    25.684  106  131   94  184
  43   149.968   164.760    26.204  138  163  136  231
  44   135.112   120.353    26.368  197  224  191  284
  45   164.660    75.908    26.383  252  279  247  339
  46    75.948   179.627    25.855  124  149  113  202
  47   209.024    61.058    26.368  268  295  268  355
  48   105.539   164.788    26.072  141  166  133  228
  49   120.311   149.978    26.237  158  184  152  246
  50   149.983   179.585    26.047  119  144  118  207
  51   223.808    61.058    26.391  267  294  269  354
  52    75.957   209.273    25.550   87  111   77  168
  53   209.110   105.489    26.517  211  238  214  298
  54   223.875    90.670    26.500  229  256  233  316
  55   164.791   164.751    26.197  137  162  137  233
  56   135.209   209.253    25.736   83  107   81  172
  57   179.573   149.926    26.311  154  180  156  242
  58   150.017   194.405    25.911  100  125  100  190
  59   120.303   135.174    26.282  177  204  170  265
  60   164.812   179.570    26.099  118  143  119  208
  61   105.598   224.103    25.531   67   90   55  152
  62   179.428    61.099    26.375  270  297  266  357
  63   194.366   135.120    26.416  172  199  175  260
  64   135.074    90.751    26.411  235  262  227  322
  65   105.527   149.979    26.177  159  185  151  247
  66    90.736   164.795    26.030  142  167  132  226
  67   238.638    75.855    26.460  247  274  252  334
  68    61.150   209.291    25.511   88  112   76  167
  69   120.301   120.364    26.347  198  225  190  285
  70    90.777   224.101    25.458   68   91   57  151
  71   120.286   105.575    26.401  217  244  208  304
  72   179.588   164.740    26.241  136  161  138  234
  73   209.143   120.288    26.494  192  219  196  279
  74   194.388   149.921    26.364  153  179  157  241
  75   261.481   277.929    26.652    0   19    1   92
  76    46.344   194.460    25.641  107  132   93  183
  77   120.402   224.092    25.578   66   89   56  153
  78   150.039   209.234    25.773   82  106   82  173
  79   149.867    75.920    26.377  253  280  246  340
  80   105.512   135.178    26.266  178  205  169  266
  81   164.832   194.383    25.939   99  124  101  191
  82   238.603    61.061    26.403  266  293  270  353
  83    75.971   224.102    25.419   69   92   58  150
  84   194.200    46.283    26.352  288  315  285  375
  85   209.170   135.112    26.479  171  198  176  259
  86    61.149   179.631    25.851  125  150  112  201
  87    75.936   164.804    25.988  143  168  131  224
  88    46.345   209.287    25.480   89  113   75  166
  89   208.989    46.259    26.375  287  314  286  374
  90   179.619   179.562    26.129  117  142  120  209
  91   223.904   105.489    26.551  210  237  215  297
  92   238.662    90.669    26.536  228  255  234  315
  93    61.158   224.110    25.395   70   93   59  149
  94   135.228   224.072    25.623   65   88   60  154
  95   105.502   120.381    26.326  199  226  189  286
  96   164.646    61.109    26.372  271  298  265  358
  97   164.858   209.235    25.841   81  105   83  174
  98    90.725   149.980    26.155  160  186  150  248
  99   238.553    46.248    26.435  285  312  288  372
 100   223.772    46.257    26.381  286  313  287  373
 101   120.272    90.774    26.402  236  263  226  323
 102   209.193   149.907    26.415  152  178  158  240
 103   253.423    75.858    26.487  246  273  253  333
 104   105.593   238.933    25.441   49   70   48  134
 105   179.644   194.378    26.015   98  123  102  192
 106   209.224   164.718    26.319  134  159  140  227
 107   105.502   105.581    26.387  218  245  207  305
 108   194.443   179.555    26.184  116  141  121  210
 109    90.728   135.196    26.254  179  206  168  267
 110   120.403   238.922    25.485   48   68   47  135
 111   223.947   120.287    26.554  191  218  197  278
 112    90.787   238.932    25.392   50   72   49  133
 113   135.068    75.942    26.389  254  281  245  341
 114    46.355   224.111    25.349   71   94   61  148
 115    61.140   164.801    25.989  144  169  130  222
 116   253.385    61.056    26.447  265  292  271  352
 117    75.933   149.990    26.127  161  187  149  249
 118   150.058   224.065    25.636   64   87   62  155
 119    90.716   120.397    26.296  200  227  188  287
 120   194.461   194.362    26.064   97  122  103  193
 121    31.534   209.277    25.443   90  114   74  165
 122    31.544   194.461    25.600  108  133   92  182
 123    75.986   238.918    25.350   51   73   50  132
 124   209.257   179.534    26.208  115  140  122  211
 125    46.350   179.633    25.832  126  151  111  200
 126   179.672   209.218    25.868   80  104   84  175
 127   179.405    46.293    26.338  289  316  284  376
 128   135.241   238.919    25.530   47   66   46  136
 129   238.705   105.474    26.594  209  236  216  296
 130   223.971   135.100    26.522  170  197  177  258
 131   194.480   209.205    25.912   79  103   85  176
 132   194.158    31.498    26.436  307  334  303  394
 133   253.461    90.668    26.582  227  254  235  314
 134    90.703   105.609    26.394  219  246  206  306
 135   223.998   149.898    26.461  151  177  159  239
 136   224.020   164.707    26.368  133  158  141  225
 137   209.285   194.346    26.105   96  121  104  194
 138    61.177   238.925    25.314   52   74   51  131
 139   105.493    90.794    26.416  237  264  225  324
 140   164.880   224.056    25.714   63   86   64  156
 141   224.053   179.523    26.280  114  139  123  212
 142    31.553   224.105    25.314   72   95   63  147
 143    75.929   135.208    26.241  180  207  167  268
 144   149.854    61.119    26.359  272  299  264  359
 145   238.735   120.287    26.593  190  217  198  277
 146   120.433   253.751    25.474   30   41   30  117
 147   208.953    31.484    26.367  306  333  304  393
 148   253.338    46.255    26.435  284  311  289  371
 149   105.618   253.753    25.416   31   42   31  116
 150   120.273    75.973    26.409  255  282  244  342
 151   224.115   194.350    26.144   95  120  105  195
 152   150.081   238.901    25.575   46   64   45  137
 153   209.308   209.168    25.971   78  102   86  177
 154   253.531   120.278    26.675  189  216  199  276
 155   164.617    46.312    26.354  290  317  283  377
 156   238.770   135.094    26.589  169  196  178  257
 157    61.144   150.010    26.112  162  188  148  250
 158    46.342   164.823    26.005  145  170  129  219
 159   224.111   209.166    26.008   77  101   87  178
 160    46.358   238.926    25.283   53   75   52  130
 161   268.217    75.857    26.523  245  272  254  332
 162   268.172    61.065    26.468  264  291  272  351
 163    90.705    90.811    26.416  238  265  224  325
 164   238.794   149.883    26.531  150  176  160  238
 165   223.733    31.473    26.381  305  332  305  392
 166   238.516    31.474    26.424  304  331  306  391
 167   179.696   224.045    25.745   62   85   65  157
 168   238.857   179.502    26.347  113  138  124  213
 169    90.813   253.761    25.376   32   40   32  115
 170   135.052    61.142    26.383  273  300  263  360
 171   238.887   194.313    26.201   94  119  106  196
 172   238.915   209.143    26.080   76  100   88  179
 173    31.557   179.644    25.819  127  152  110  199
 174   194.524   224.031    25.812   61   84   67  158
 175   253.498   105.477    26.641  208  235  217  295
 176   164.890   238.885    25.632   45   62   43  138
 177    76.004   253.756    25.321   33   43   33  114
 178   135.274   253.739    25.496   29   44   29  118
 179   268.251    90.667    26.591  226  253  236  313
 180   238.820   164.693    26.436  132  157  142  223
 181    75.915   120.425    26.294  201  228  187  288
 182   253.747   223.936    26.035   57   79   71  162
 183   253.726   209.117    26.148   75   99   89  180
 184   268.110    46.267    26.469  283  310  290  370
 185   253.294    31.469    26.445  303  330  307  390
 186   253.687   194.295    26.281   93  118  107  197
 187   105.483    75.993    26.453  256  283  243  343
 188    61.194   253.750    25.305   34   45   34  113
 189    61.136   135.218    26.236  181  208  166  269
 190   209.336   224.003    25.855   60   83   68  159
 191    75.920   105.627    26.346  220  247  205  307
 192   179.375    31.514    26.403  309  335  302  395
 193    31.565   238.925    25.254   54   76   53  129
 194    33.403   126.494    27.643  186  213  181  273
 195   253.568   135.069    26.637  168  195  179  256
 196   268.557   223.894    26.100   56   78   72  163
 197   224.144   223.976    25.887   59   82   69  160
 198   238.955   223.960    25.974   58   81   70  161
 199   253.652   179.480    26.412  112  137  125  214
 200   150.098   253.730    25.539   28   46   28  119
 201   179.713   238.871    25.669   44   60   41  139
 202    31.563   164.821    25.995  146  171  128  217
 203   135.280   268.564    25.469   11   29   12  100
 204   268.589   238.713    25.985   38   69   44  145
 205    75.936    90.844    26.434  239  266  223  326
 206   149.838    46.334    26.360  291  318  282  378
 207   268.520   209.091    26.231   74   98   90  181
 208   120.437   268.576    25.438   12   28   13   99
 209   105.652   268.571    25.429   13   27   14   98
 210    46.350   150.019    26.127  163  189  147  251
 211   253.786   238.748    25.904   39   67   42  144
 212    46.377   253.761    25.255   35   47   35  112
 213   253.587   149.872    26.594  149  175  161  237
 214   238.975   238.777    25.857   40   65   40  143
 215   253.622   164.675    26.499  131  156  143  221
 216   150.106   268.550    25.506   10   30   11  101
 217   268.484   194.274    26.368   92  117  108  198
 218    61.128   120.434    26.285  202  229  186  289
 219   209.361   238.825    25.770   42   61   39  141
 220   268.277   105.479    26.681  207  234  218  294
 221   164.922   253.712    25.575   27   48   27  120
 222    90.709    76.018    26.428  257  284  242  344
 223    90.821   268.583    25.360   14   26   15   97
 224   268.448   179.468    26.506  111  136  126  215
 225   224.162   238.806    25.801   41   63   38  142
 226   194.547   238.854    25.706   43   59   37  140
 227    31.572   253.739    25.272   36   50   36  111
 228   268.312   120.276    26.769  188  215  200  275
 229   120.258    61.168    26.457  274  301  262  361
 230    76.008   268.579    25.294   15   24   16   96
 231   194.591   164.779    25.530  135  160  139  229
 232   268.062    31.465    26.495  302  329  308  389
 233    61.146   105.653    26.401  221  248  204  308
 234   179.743   253.704    25.603   26   49   26  121
 235   164.601    31.528    26.371  310  336  301  396
 236    46.389   268.572    25.266   17   21   18   94
 237    61.148    90.870    26.451  240  267  222  327
 238    46.353   135.232    26.194  182  209  165  270
 239   268.612   253.538    25.902   20   57   20  127
 240   268.412   164.653    26.599  130  155  144  220
 241   164.932   268.539    25.544    9   31   10  102
 242   253.818   253.576    25.845   21   56   21  126
 243    61.196   268.579    25.293   16   22   17   95
 244    31.573   150.025    26.144  164  190  146  252
 245    75.925    76.056    26.456  258  285  241  345
 246   224.196   253.635    25.705   23   54   23  124
 247   105.477    61.199    26.372  275  302  261  362
 248   135.038    46.359    26.353  292  319  281  379
 249   194.565   253.679    25.664   25   51   25  122
 250   239.007   253.611    25.767   22   55   22  125
 251   209.377   253.656    25.693   24   53   24  123
 252   268.392   149.867    26.688  148  174  162  236
 253    31.593   268.555    25.249   18   23   19   93
 254    31.582   135.232    26.201  183  210  164  271
 255   268.359   135.076    26.731  167  194  180  255
 256    90.700    61.232    26.399  276  303  260  363
 257   179.748   268.520    25.561    8   32    9  103
 258   149.808    31.547    26.356  312  337  300  397
 259    46.352   120.456    26.280  203  230  185  290
 260   268.633   268.349    25.846    1   38    3  109
 261    46.365   105.690    26.398  222  249  203  309
 262   253.830   268.398    25.756    2   37    4  108
 263    46.365    90.912    26.503  241  268  221  328
 264   194.574   268.503    25.578    7   33    8  104
 265    61.144    76.088    26.478  259  286  240  346
 266   120.252    46.376    26.361  293  320  280  380
 267   239.010   268.431    25.715    3   36    5  107
 268   224.204   268.462    25.677    4   35    6  106
 269   209.408   268.483    25.639    6   34    7  105
 270    75.924    61.266    26.401  277  304  259  364
 271   135.022    31.573    26.357  315  338  299  398
 272    31.566   120.469    26.224  204  231  184  291
 273    31.603    90.938    26.539  242  269  220  329
 274    46.376    76.135    26.500  260  287  239  347
 275    31.590   105.719    26.440  223  250  202  310
 276   105.472    46.413    26.349  294  321  279  381
 277    90.703    46.446    26.374  295  322  278  382
 278    31.611    76.169    26.581  261  288  238  348
 279   120.237    31.608    26.368  316  339  298  399
 280    61.169    61.304    26.448  278  305  258  365
 281    75.930    46.486    26.396  296  323  277  383
 282    16.828   120.525    26.425  205  232  183  292
 283    16.826   105.737    26.467  224  251  201  311
 284    46.392    61.360    26.525  279  306  257  366
 285    16.820    90.989    26.571  243  270  219  330
 286    61.170    46.528    26.412  297  324  276  384
 287   105.472    31.631    26.352  318  340  297  400
 288    16.849    76.215    26.621  262  289  237  349
 289    90.705    31.665    26.395  319  341  296  401
 290    46.402    46.580    26.504  299  325  275  385
 291    31.628    61.406    26.564  280  307  256  367
 292    75.938    31.721    26.388  317  342  295  402
 293    31.638    46.641    26.554  300  326  274  386
 294    61.171    31.762    26.419  314  343  294  403
 295    46.418    31.818    26.485  313  344  293  404
 296    17.122   135.267    27.529  184  211  163   -1
 297    17.064   150.024    27.251  165  191  145   -1
 298    17.005   164.812    26.892  147  172  127   -1
 299    16.935   179.631    26.525  128  153  109   -1
 300    32.486   277.194    25.863    5   18    2   -1
 301    17.303    61.689    28.746  281  308  255   -1
 302    16.860   194.436    26.144  109  134   91   -1
 303    16.725   224.076    25.455   73   96   66   -1
 304    16.787   209.263    25.784   91  115   73   -1
 305    16.658   238.900    25.193   55   77   54   -1
 306    31.303    31.685    25.910  311   -1  292  405
 307   283.176   179.393    27.581  110  135   -1  216
 308    17.337    47.009    28.913  298  327  273   -1
 309   282.989   135.112    27.518  166  193   -1  254
 310   268.916   283.359    25.124   -1   16    0   90
 311   282.967   120.322    27.449  187  214   -1  274
 312   283.147   164.631    27.590  129  154   -1  218
 313   282.877    31.557    26.306  301  328   -1  388
 314    16.531    31.754    25.853  308   -1  291  406
 315   282.957   105.518    27.327  206  233   -1  293
 316   282.955    61.144    26.611  263  290   -1  350
 317   282.965    75.940    26.834  244  271   -1  331
 318   282.916    46.336    26.371  282  309   -1  369
 319   282.975    90.734    27.048  225  252   -1  312
 320    90.789    16.807    25.955   -1  355  314  407
 321    76.032    16.862    25.950   -1  356  313  408
 322    31.031    16.462    25.159   -1   -1  310  410
 323    45.838    16.442    25.309   -1   -1  311  409
 324    16.236    16.497    24.962   -1   -1  309  411
 325   265.024   139.733    29.046   -1  192   -1  253
