365
   1   119.850   134.882   211.790  222  189  197  221
   2   134.933   119.835   211.815  241  209  218  241
   3   119.863   119.821   211.798  242  210  217  242
   4   119.839   149.935   211.788  203  170  177  197
   5   134.931   134.888   211.829  221  188  198  220
   6   119.866   104.777   211.770  261  229  236  261
   7   104.832   134.852   211.725  223  190  196  222
   8   134.924   104.786   211.822  260  228  237  260
   9   149.992   104.803   211.860  259  227  238  259
  10   149.991   119.846   211.872  240  208  219  240
  11   134.925   164.999   211.805  183  150  159  179
  12   104.833   149.903   211.704  204  171  176  196
  13   134.973   149.934   211.823  202  169  178  199
  14   104.836   119.806   211.727  243  211  216  243
  15   119.855   164.985   211.728  184  151  158  178
  16   150.027   210.231   211.664  125   92  103  125
  17   149.993   134.906   211.887  220  187  199  219
  18   149.988   180.095   211.804  163  130  141  161
  19   104.851   104.751   211.700  262  230  235  262
  20   134.947   180.069   211.729  164  131  140  160
  21   134.955   195.138   211.677  145  112  121  142
  22   150.017   195.155   211.737  144  111  122  143
  23   119.857   180.051   211.693  165  132  139  159
  24   149.997   149.966   211.866  201  168  179  198
  25   119.861   195.111   211.584  146  113  120  141
  26   104.826   164.960   211.670  185  152  157  177
  27   149.996   165.034   211.857  182  149  160  180
  28   165.095   210.268   211.699  124   91  104  126
  29   165.085   195.153   211.763  143  110  123  144
  30   165.032   104.817   211.882  258  226  239  258
  31   134.954   210.213   211.588  126   93  102  124
  32   165.051   134.931   211.930  219  186  200  218
  33   165.022    89.763   211.831  277  245  258  277
  34   195.215   210.298   211.744  122   89  106  128
  35   119.874    89.729   211.749  280  248  255  280
  36   165.039   119.858   211.885  239  207  220  239
  37   165.084   180.106   211.822  162  129  142  162
  38   165.065   149.985   211.911  200  167  180  200
  39    89.769   149.883   211.633  205  172  175  195
  40   104.831   180.026   211.608  166  133  138  158
  41   149.981    89.744   211.799  278  246  257  278
  42    89.788   134.837   211.662  224  191  195  223
  43   180.168   210.280   211.704  123   90  105  127
  44   165.076   165.043   211.873  181  148  161  181
  45   104.848    89.719   211.696  281  249  254  281
  46   180.152   195.196   211.802  142  109  124  145
  47   180.135   180.123   211.872  161  128  143  163
  48   134.920    89.739   211.768  279  247  256  279
  49   165.110   225.328   211.615  105   72   85  107
  50    89.792   119.794   211.665  244  212  215  244
  51   119.865   210.194   211.521  127   94  101  123
  52    74.721   149.853   211.510  206  173  174  194
  53   210.292   210.292   211.759  121   88  107  129
  54   104.839   195.083   211.543  147  114  119  140
  55    89.783   104.750   211.629  263  231  234  263
  56   180.118   165.061   211.906  180  147  162  182
  57   195.214   180.155   211.889  160  127  144  164
  58   195.227   195.203   211.823  141  108  125  146
  59   104.830   210.159   211.457  128   95  100  122
  60   225.351   210.319   211.749  120   87  108  130
  61   195.187   165.083   211.938  179  146  163  183
  62   150.041   225.308   211.572  106   73   84  106
  63   180.090   104.827   211.893  257  225  240  257
  64   195.258   225.365   211.648  103   70   87  109
  65    89.757   164.937   211.589  186  153  156  176
  66   180.119   149.996   211.926  199  166  181  201
  67   210.292   195.214   211.843  140  107  126  147
  68   180.092    89.780   211.838  276  244  259  276
  69   180.180   225.341   211.629  104   71   86  108
  70    74.734   134.827   211.563  225  192  194  224
  71   225.395   195.253   211.876  139  106  127  148
  72   210.262   165.102   211.939  178  145  164  184
  73   210.317   225.366   211.643  102   69   88  110
  74   180.102   134.941   211.934  218  185  201  217
  75    89.760   179.998   211.537  167  134  137  157
  76   225.321   180.185   211.903  158  125  146  166
  77   225.372   225.372   211.651  101   68   89  111
  78   240.390   195.237   211.829  138  105  128  149
  79   119.885   225.275   211.448  108   75   82  104
  80   180.108   119.884   211.933  238  206  221  238
  81   210.273   180.157   211.904  159  126  145  165
  82   134.969   225.281   211.509  107   74   83  105
  83   104.847   225.252   211.360  109   76   81  103
  84    74.723   164.916   211.501  187  154  155  175
  85   195.185   150.024   211.954  198  165  182  202
  86    74.767   104.740   211.559  264  232  233  264
  87    59.688   149.856   211.447  207  174  173  193
  88    74.744   119.777   211.560  245  213  214  245
  89   195.133    89.799   211.855  275  243  260  275
  90    89.797    89.712   211.611  282  250  253  282
  91    89.761   195.050   211.465  148  115  118  139
  92   195.180   134.970   211.973  217  184  202  216
  93   240.404   210.318   211.741  119   86  109  131
  94   165.020    74.716   211.765  296  264  277  296
  95   104.858    74.685   211.619  300  268  273  300
  96   240.432   225.382   211.634  100   67   90  112
  97   165.113   240.412   211.506   86   53   60   88
  98   195.151   104.850   211.903  256  224  241  256
  99   240.375   180.184   211.891  157  124  147  167
 100    59.670   164.886   211.418  188  155  154  174
 101   180.194   240.418   211.548   85   52   57   89
 102    74.717   179.980   211.453  168  135  136  156
 103   195.171   119.909   211.964  237  205  222  237
 104   134.933    74.679   211.699  298  266  275  298
 105   149.977    74.691   211.708  297  265  276  297
 106   119.880    74.684   211.691  299  267  274  299
 107   180.067    74.718   211.765  295  263  278  295
 108   255.436   195.255   211.825  137  104  129  150
 109    89.758   210.141   211.367  129   96   99  121
 110   195.273   240.433   211.533   84   51   56   90
 111   255.468   210.326   211.761  118   85  110  132
 112    59.700   134.800   211.444  226  193  192  226
 113   210.238   150.039   211.964  197  164  183  203
 114   210.334   240.434   211.553   83   50   58   91
 115    59.712   119.775   211.470  246  214  213  246
 116   225.300   165.117   211.961  177  144  165  185
 117   255.464   225.387   211.648   99   66   91  113
 118    44.648   149.831   211.340  208  175  172  192
 119    89.769   225.213   211.284  110   77   80  102
 120   195.127    74.756   211.784  294  262  279  294
 121   104.826   240.321   211.256   90   57   67   84
 122   150.058   240.384   211.458   87   54   62   87
 123    44.633   164.877   211.331  189  156  153  173
 124   240.346   165.126   211.942  176  143  166  186
 125   119.870   240.342   211.318   89   56   66   85
 126   134.962   240.379   211.401   88   55   63   86
 127    59.667   179.947   211.354  169  136  135  155
 128    59.743   104.739   211.468  265  233  232  265
 129    74.712   195.040   211.356  149  116  117  138
 130    74.785    89.716   211.550  283  251  252  283
 131   225.389   240.437   211.542   82   49   59   92
 132   210.224   119.914   211.948  236  204  223  236
 133   255.417   180.199   211.873  156  123  148  168
 134   210.236   134.991   211.973  216  183  203  215
 135   210.186    89.811   211.825  274  242  261  274
 136    74.706   210.111   211.270  130   97   98  120
 137   240.444   240.446   211.538   81   48   61   93
 138   225.298   150.057   211.966  196  163  184  204
 139   210.198   104.869   211.913  255  223  242  255
 140    59.652   195.004   211.280  150  117  116  137
 141   270.510   210.326   211.708  117   84  111  133
 142    44.669   134.787   211.323  227  194  191  227
 143   195.280   255.496   211.428   65   28   43   71
 144    89.828    74.670   211.578  301  269  272  301
 145   180.210   255.498   211.421   66   29   44   70
 146   255.497   240.446   211.517   80   46   64   94
 147   225.291   135.018   211.951  215  182  204  214
 148    29.617   149.809   211.256  209  176  171  191
 149   255.405   165.141   211.946  175  142  167  187
 150   210.339   255.507   211.437   64   26   42   72
 151   270.541   240.443   211.542   79   45   65   95
 152   270.468   195.266   211.813  136  103  130  151
 153   270.524   225.383   211.622   98   65   92  114
 154    44.624   179.921   211.257  170  137  134  154
 155    29.603   164.844   211.233  190  157  152  172
 156    74.712   225.184   211.177  111   78   79  101
 157   104.868    59.646   211.556  319  287  292  319
 158    89.768   240.281   211.149   91   58   69   83
 159   180.055    59.690   211.653  314  282  297  314
 160    59.750    89.706   211.469  284  252  251  284
 161   165.028    59.677   211.668  315  283  296  315
 162   149.975    59.645   211.626  316  284  295  316
 163    44.706   104.746   211.401  266  234  231  266
 164   210.170    74.752   211.754  293  261  280  293
 165    44.687   119.767   211.336  247  215  212  247
 166   240.338   150.071   211.965  195  162  185  205
 167   270.451   180.210   211.883  155  122  149  169
 168    14.547   164.835   211.173  191  158  151  171
 169   119.895    59.636   211.568  318  286  293  318
 170    59.659   210.094   211.185  131   98   97  119
 171   225.285   119.935   211.941  235  203  224  235
 172   134.927    59.640   211.608  317  285  294  317
 173   165.132   255.471   211.393   67   31   45   69
 174    29.642   134.772   211.225  228  195  190  228
 175   270.434   165.150   211.916  174  141  168  188
 176   225.405   255.517   211.438   63   27   41   73
 177    74.792    74.677   211.500  302  270  271  302
 178    74.723   240.237   211.055   92   59   70   82
 179   240.467   255.522   211.431   62   30   40   74
 180   225.239   104.900   211.921  254  222  243  254
 181    14.566   149.801   211.205  210  177  170  190
 182   195.100    59.696   211.655  313  281  298  313
 183   150.062   255.466   211.339   68   33   46   68
 184    44.619   194.984   211.177  151  118  115  136
 185   240.331   135.040   211.967  214  181  205  212
 186    89.826    59.643   211.491  320  288  291  320
 187   210.366   270.581   211.326   44   20   24   53
 188    29.593   179.897   211.173  171  138  133  153
 189   134.988   255.440   211.310   69   35   47   67
 190   195.280   270.562   211.305   45   19   25   52
 191   255.383   150.089   211.958  194  161  186  206
 192    44.727    89.724   211.422  285  253  250  285
 193    14.528   179.888   211.078  172  139  132  152
 194   225.240    89.841   211.912  273  241  262  273
 195   104.839   255.382   211.141   71   38   49   65
 196   225.196    74.792   211.753  292  260  281  292
 197    59.653   225.159   211.083  112   79   78  100
 198    44.605   210.059   211.087  132   99   96  118
 199   210.145    59.705   211.671  312  280  299  312
 200   255.525   255.519   211.412   61   32   39   75
 201   255.387   135.040   211.898  213  180  206  213
 202    59.759    74.675   211.420  303  271  270  303
 203   180.205   270.549   211.285   46   18   26   51
 204    89.783   255.364   211.057   72   39   50   64
 205   270.557   255.510   211.392   59   34   37   76
 206    14.509   194.936   210.980  153  120  113  134
 207    14.605   134.780   211.256  229  196  189  225
 208    59.661   240.214   210.959   93   60   71   81
 209   255.350   120.003   211.915  233  200  226  233
 210   119.895   255.415   211.218   70   36   48   66
 211    29.686   104.746   211.312  267  235  230  267
 212    29.713    89.716   211.331  286  254  249  286
 213   240.316   119.973   211.952  234  201  225  234
 214    29.573   194.957   211.080  152  119  114  135
 215    74.730   255.316   210.930   73   40   51   63
 216    29.570   210.014   211.033  133  100   95  117
 217    74.806    59.654   211.464  321  289  290  321
 218   240.243    89.886   211.813  272  240  263  272
 219    44.608   225.125   210.969  113   80   76   99
 220   164.998    44.628   211.552  334  302  315  334
 221   225.397   270.582   211.319   43   21   23   54
 222   180.041    44.634   211.567  333  301  316  333
 223   104.876    44.618   211.457  338  306  311  338
 224    44.752    74.701   211.380  304  272  269  304
 225   270.433   150.110   211.938  193  160  187  207
 226   240.287   104.914   211.918  253  221  244  253
 227    59.659   255.284   210.820   74   41   52   62
 228    14.629   119.760   211.263  249  217  210  248
 229    14.495   210.002   210.867  134  101   94  116
 230   149.969    44.626   211.552  335  303  314  335
 231    14.678   104.731   211.269  268  236  229  268
 232    14.686    89.735   211.295  287  255  248  287
 233   119.880    44.621   211.491  337  305  312  337
 234   165.137   270.539   211.258   48   16   27   50
 235   225.181    59.729   211.637  311  279  300  311
 236    29.635   119.739   211.135  248  216  211  249
 237    44.602   240.189   210.847   94   61   72   80
 238   285.640   270.540   211.245   36   25   19   58
 239   150.063   270.517   211.208   49   14   28   49
 240   134.929    44.616   211.519  336  304  313  336
 241   195.080    44.653   211.557  332  300  317  332
 242   240.455   270.588   211.271   42   22   22   55
 243   240.243    74.805   211.729  291  259  282  291
 244   270.573   270.557   211.271   38   24   20   57
 245    29.739    74.702   211.313  305  273  268  305
 246   134.984   270.500   211.184   50   12   29   48
 247   104.843   270.462   211.011   52    7   31   46
 248    29.563   225.092   210.867  114   81   75   98
 249   255.525   270.578   211.255   40   23   21   56
 250   119.890   270.480   211.088   51    9   30   47
 251    14.487   225.062   210.773  115   82   77   97
 252   255.335   104.948   211.893  252  220  245  252
 253    89.849    44.626   211.400  339  307  310  339
 254    59.800    59.661   211.372  322  290  289  322
 255   285.644   240.407   211.474   77   47   68   96
 256    89.775   270.418   210.903   53    8   32   45
 257   285.677   255.479   211.370   57   37   38   77
 258    74.721   270.374   210.799   54   11   33   44
 259   270.380   120.035   211.920  232  199  227  232
 260   255.280    74.849   211.706  290  258  283  290
 261   210.136    44.674   211.569  331  299  318  331
 262   255.305    89.900   211.817  271  239  264  271
 263   285.671   225.370   211.599   97   64   93  115
 264    59.653   270.345   210.649   55   10   34   43
 265    44.606   255.257   210.705   75   42   53   61
 266    29.562   240.153   210.749   95   62   73   79
 267    44.782    59.689   211.327  323  291  288  323
 268    14.737    74.727   211.272  306  274  267  306
 269   240.218    59.770   211.610  310  278  301  310
 270   270.410   135.053   211.964  212  179  207  211
 271    14.468   240.125   210.624   96   63   74   78
 272   285.665   285.620   210.968   18    5    0   38
 273   180.022    29.618   211.423  352  320  335  352
 274    74.832    44.627   211.357  340  308  309  340
 275    44.604   270.303   210.538   56   13   35   42
 276   225.148    44.687   211.509  330  298  319  330
 277   164.981    29.609   211.467  353  321  334  353
 278    29.551   255.202   210.608   76   43   54   60
 279   149.943    29.580   211.395  354  322  333  354
 280   270.354   104.982   211.872  251  219  246  251
 281   134.923    29.595   211.416  355  323  332  355
 282   104.882    29.594   211.340  357  325  330  357
 283   285.627   180.208   211.865  154  121  150  170
 284    59.822    44.652   211.328  341  309  308  341
 285   240.181    44.713   211.535  329  297  320  329
 286    29.773    59.703   211.255  324  292  287  324
 287    14.474   255.167   210.492   78   44   55   59
 288   255.537   285.662   211.016   21    3    2   36
 289   195.053    29.634   211.441  351  319  336  351
 290   210.376   285.699   211.075   24    0    5   33
 291   119.879    29.596   211.401  356  324  331  356
 292   270.582   285.635   211.065   20    4    1   37
 293   270.347    89.922   211.797  270  238  265  270
 294   240.488   285.705   211.091   22    2    3   35
 295    14.779    59.732   211.211  325  293  286  325
 296   255.252    59.781   211.572  309  277  302  309
 297   270.327    74.850   211.620  289  257  284  289
 298   285.615   165.164   211.900  173  140  169  189
 299   285.532   150.107   211.922  192  159  188  208
 300    44.807    44.663   211.244  342  310  307  342
 301    89.868    29.599   211.309  358  326  329  358
 302    74.850    29.628   211.281  359  327  328  359
 303   149.981    14.558   211.456  379  341  343  373
 304    29.803    44.703   211.204  343  311  306  343
 305   270.276    59.820   211.560  308  276  303  308
 306   255.207    44.737   211.474  328  296  321  328
 307   210.095    29.651   211.429  350  318  337  350
 308   225.429   285.697   211.060   23    1    4   34
 309   180.030    14.581   211.457  377  339  345  371
 310   164.987    14.555   211.439  381  340  344  372
 311   285.437   120.040   211.899  231  198  228  231
 312   285.434   105.002   211.823  250  218  247  250
 313    59.838    29.634   211.227  360  328  327  360
 314   195.043    14.593   211.464  376  338  346  370
 315   270.229    44.788   211.436  327  295  322  327
 316   225.123    29.660   211.442  349  317  338  349
 317   240.165    29.690   211.363  348  316  339  348
 318    44.841    29.665   211.171  361  329  326  361
 319   285.424    89.950   211.735  269  237  266  269
 320   255.186    29.711   211.334  347  315  340  347
 321   285.384    74.903   211.657  288  256  285  288
 322   210.071    14.594   211.417  374  337  347  369
 323   285.349    59.863   211.539  307  275  304  307
 324   270.193    29.723   211.299  346  314  341  346
 325   285.284    44.809   211.395  326  294  323  326
 326   225.091    14.626   211.425  372  336  348  368
 327   240.121    14.630   211.355  370  335  349  367
 328   285.229    29.771   211.234  345  313  342  345
 329   255.142    14.678   211.323  368  334  350  366
 330   270.171    14.714   211.245  365  333  351  365
 331   263.687   127.541   214.045  230  197   -1  229
 332    44.971   284.928   212.456   37   -1   16   22
 333    59.946   284.976   212.425   35   -1   15   23
 334    74.929   285.040   212.396   34   -1   14   24
 335    89.910   285.096   212.341   33   -1   13   25
 336    29.980   269.929   212.388   58   -1   36   41
 337    30.015   284.876   212.512   39   -1   17   20
 338   104.914   285.153   212.307   32   -1   12   26
 339    31.529   125.751   213.025   -1  202  209  230
 340   267.365   139.761   212.565   -1  178  193  209
 341   119.927   285.209   212.218   31   -1   11   27
 342   134.976   285.264   212.100   30   -1   10   28
 343   150.021   285.306   211.984   29   -1    9   29
 344    29.487    29.516   210.444  363   -1  325  362
 345    28.612    41.855   264.871  344  330  324   -1
 346   165.066   285.354   211.871   28   -1    8   30
 347   285.662   135.287   211.275  211   -1  208  210
 348   180.101   285.398   211.721   27   -1    7   31
 349   195.144   285.446   211.532   25   -1    6   32
 350   285.820   210.281   211.892  116   83  112   -1
 351   285.812   195.202   211.835  135  102  131   -1
 352   135.064    14.451   210.843  380  342   -1  374
 353   120.014    14.440   210.808  378  343   -1  375
 354   105.024    14.443   210.833  375  344   -1  376
 355    89.971    14.372   210.737  382  345   -1  377
 356    74.961    14.444   210.718  373  346   -1  378
 357    59.928    14.458   210.711  371  347   -1  379
 358   262.840   279.459   214.420   26   -1   -1   39
 359    13.845   270.776   207.957   60   17   -1   -1
 360    14.360    44.377   209.234   -1   -1  305  344
 361    30.058   279.494   209.358   47    6   -1   -1
 362   282.302   317.146   158.174    0   -1   -1   17
 363    30.279    14.993   213.155  367  349   -1   -1
 364    15.446    15.108   213.514  364  350   -1   -1
 365    45.195    14.925   212.916  369  348   -1   -1
