337
   1   134.916   134.989   149.512  235  193  177  223
   2   119.926   149.960   149.449  217  174  157  206
   3   149.893   120.025   149.590  254  213  192  242
   4   134.921   120.022   149.550  255  214  191  243
   5   119.940   164.932   149.396  198  155  138  182
   6   134.949   149.964   149.479  216  173  158  210
   7   119.932   134.994   149.487  236  194  176  224
   8   134.902   105.049   149.534  274  233  209  261
   9   149.885   105.060   149.583  273  232  210  260
  10   134.924   164.939   149.455  197  154  139  183
  11   119.945   179.915   149.310  179  136  119  163
  12   164.844   105.070   149.626  272  231  211  259
  13   104.979   164.914   149.352  199  156  137  181
  14   104.975   149.941   149.385  218  175  156  211
  15   164.857   120.031   149.601  253  212  193  241
  16   149.904   149.977   149.539  215  172  159  207
  17   134.942   179.924   149.367  178  135  120  164
  18   104.982   179.898   149.273  180  137  118  162
  19   119.940   120.019   149.506  256  215  190  244
  20   134.950   194.914   149.298  159  116  101  145
  21   119.951   194.896   149.227  160  117  100  144
  22   134.963   209.907   149.191  140   97   82  126
  23   149.907   164.956   149.491  196  153  140  184
  24   104.974   134.978   149.447  237  195  175  225
  25   149.943   194.917   149.329  158  115  102  146
  26   164.877   135.001   149.688  233  191  178  221
  27   149.877    90.091   149.567  292  251  229  278
  28   164.837    90.097   149.567  291  250  230  277
  29   149.954   209.916   149.236  139   96   83  127
  30   149.910   179.937   149.448  177  134  121  165
  31   119.933   105.057   149.521  275  234  208  262
  32   179.826   105.073   149.631  271  230  212  258
  33   164.887   149.982   149.590  214  171  160  205
  34   104.995   194.880   149.176  161  118   99  143
  35   134.896    90.087   149.533  293  252  228  279
  36    90.010   164.902   149.284  200  157  136  180
  37   164.924   194.912   149.398  157  114  103  147
  38   164.914   179.943   149.466  176  133  122  166
  39    90.007   149.928   149.313  219  176  155  208
  40   179.811    90.109   149.639  290  249  231  276
  41   119.955   209.897   149.138  141   98   81  125
  42   164.904   164.959   149.546  195  152  141  185
  43   104.974   120.012   149.463  257  216  189  245
  44    90.013   179.881   149.207  181  138  117  161
  45   164.938   209.930   149.306  138   95   84  128
  46    90.019   194.865   149.110  162  119   98  142
  47   179.840   120.047   149.648  252  211  194  240
  48   119.928    90.094   149.511  294  253  227  280
  49   179.885   179.951   149.511  175  132  123  167
  50   179.849   135.017   149.660  232  190  179  220
  51   104.995   209.875   149.081  142   99   80  124
  52   179.863   164.968   149.571  194  151  142  186
  53   104.983   105.046   149.475  276  235  207  263
  54   179.855   149.993   149.629  213  170  161  204
  55   194.776    90.112   149.605  289  248  232  275
  56   179.904   194.930   149.443  156  113  104  148
  57   149.969   224.908   149.169  120   77   64  109
  58    90.021   134.974   149.378  238  196  174  226
  59   134.979   224.896   149.116  121   78   63  108
  60    75.049   164.885   149.223  201  158  135  179
  61   194.796   105.085   149.648  270  229  213  257
  62   179.788    75.127   149.550  309  268  250  294
  63   194.852   164.978   149.607  193  150  143  187
  64   194.895   209.942   149.384  136   93   86  130
  65   179.920   209.936   149.329  137   94   85  129
  66   194.882   179.965   149.547  174  131  124  168
  67   119.977   224.896   149.040  122   79   62  107
  68    90.016   209.867   148.998  143  100   79  123
  69   164.831    75.130   149.544  310  269  249  295
  70   194.896   194.937   149.470  155  112  105  149
  71   209.836   164.987   149.637  192  149  144  188
  72   194.842   150.002   149.652  212  169  162  202
  73   194.822   120.060   149.674  251  210  195  239
  74   104.982    90.096   149.471  295  254  226  281
  75   209.882   209.932   149.387  135   92   87  131
  76    90.025   120.009   149.411  258  217  188  246
  77    75.043   179.877   149.135  182  139  116  160
  78   164.954   224.916   149.215  119   76   65  110
  79   149.860    75.126   149.553  311  270  248  296
  80   194.764    75.147   149.564  308  267  251  293
  81   254.816   224.917   149.368  113   70   71  116
  82   209.879   194.938   149.493  154  111  106  150
  83   209.854   179.964   149.566  173  130  125  169
  84    75.044   149.916   149.250  220  177  154  209
  85   105.013   224.884   148.965  123   80   60  106
  86   224.860   209.945   149.434  134   91   88  132
  87    60.084   164.871   149.135  202  159  134  178
  88   209.813   150.008   149.683  211  168  163  201
  89   134.901    75.124   149.495  312  271  247  297
  90    90.016   105.055   149.435  277  236  206  264
  91   224.823   179.975   149.599  172  129  126  170
  92   179.939   224.928   149.245  118   75   66  111
  93   209.741    90.124   149.647  288  247  233  274
  94    75.049   194.852   149.037  163  120   97  141
  95   194.931   224.933   149.271  117   74   67  112
  96   224.884   224.921   149.340  115   72   69  114
  97   239.830   209.940   149.442  133   90   89  133
  98   239.860   224.926   149.352  114   71   70  115
  99   224.801   164.992   149.671  191  148  145  189
 100   164.961   239.917   149.111  101   57   41   92
 101   209.764   105.090   149.684  269  228  214  256
 102    75.054   134.973   149.301  239  197  173  227
 103    75.049   209.846   148.925  144  101   78  122
 104   224.875   194.962   149.530  153  110  107  151
 105    90.024   224.860   148.894  124   81   58  105
 106    60.092   179.853   149.058  183  140  115  159
 107   134.977   239.914   149.002  103   59   43   90
 108   209.788   120.056   149.694  250  209  196  238
 109   254.807   209.937   149.466  132   89   90  134
 110   209.911   224.925   149.298  116   73   68  113
 111   119.933    75.132   149.481  313  272  246  298
 112   239.812   194.943   149.542  152  109  108  152
 113   239.794   179.972   149.614  171  128  127  171
 114   209.726    75.143   149.575  307  266  252  292
 115   179.955   239.920   149.148  100   56   40   93
 116   239.876   239.911   149.258   96   51   39   97
 117   269.790   224.900   149.410  112   69   72  117
 118   269.770   209.925   149.512  131   88   91  135
 119   149.985   239.906   149.076  102   58   44   91
 120    90.024    90.097   149.433  296  255  225  282
 121   119.966   239.887   148.958  104   60   47   89
 122   254.777   194.945   149.574  151  108  109  153
 123    60.091   149.920   149.179  221  178  153  203
 124    75.064   120.006   149.343  259  218  187  247
 125   254.845   239.901   149.276   95   50   42   98
 126    60.068   194.829   148.945  164  121   96  140
 127   179.768    60.177   149.493  328  287  269  312
 128    75.051   224.840   148.829  125   82   57  104
 129   104.998   239.878   148.900  105   61   48   88
 130    75.078   105.053   149.380  278  237  205  265
 131    45.123   164.872   149.099  203  160  133  177
 132   239.763   164.999   149.689  190  147  146  190
 133   224.785   150.018   149.705  210  167  164  199
 134   164.824    60.171   149.467  329  288  268  313
 135   194.955   239.917   149.174   99   55   38   94
 136   104.983    75.137   149.446  314  273  245  299
 137   269.809   239.884   149.308   94   49   45   99
 138   224.904   239.910   149.227   97   53   37   96
 139   209.929   239.913   149.214   98   54   36   95
 140   194.738    60.171   149.497  327  286  270  311
 141   254.755   179.970   149.662  170  127  128  172
 142   239.750   150.019   149.729  209  166  165  197
 143   224.698    90.137   149.664  287  246  234  273
 144   149.855    60.159   149.428  330  289  267  314
 145    90.027   239.855   148.815  106   62   49   87
 146   269.733   194.947   149.592  150  107  110  154
 147    45.125   179.838   148.990  184  141  114  158
 148   134.893    60.169   149.454  331  290  266  315
 149    60.099   134.957   149.231  240  198  172  228
 150   224.675    75.167   149.588  306  265  253  291
 151   254.736   164.994   149.710  189  146  147  191
 152   224.754   120.068   149.718  249  208  197  237
 153   209.697    60.177   149.502  326  285  271  310
 154    75.096    90.108   149.380  297  256  224  283
 155   179.974   254.915   149.069   82   30   24   75
 156   224.716   105.114   149.717  268  227  215  255
 157   269.711   179.973   149.677  169  126  129  173
 158    45.137   149.906   149.149  222  179  152  200
 159    60.078   209.844   148.865  145  102   77  121
 160    75.060   239.824   148.738  107   63   50   86
 161    45.116   194.827   148.904  165  122   95  139
 162   209.938   254.909   149.128   80   35   22   77
 163   239.736   135.064   149.741  228  186  180  216
 164   119.942    60.172   149.426  332  291  265  316
 165   194.960   254.910   149.088   81   33   23   76
 166    60.104   120.009   149.274  260  219  186  248
 167   164.983   254.906   149.022   83   32   25   74
 168   239.899   254.904   149.144   78   39   20   79
 169    60.130   105.059   149.308  279  238  204  266
 170   149.991   254.904   148.985   84   31   26   73
 171   224.917   254.907   149.145   79   37   21   78
 172    90.050    75.142   149.412  315  274  244  300
 173   135.000   254.895   148.948   85   34   27   72
 174    60.079   224.826   148.753  126   83   56  103
 175   119.992   254.884   148.893   86   36   28   71
 176   284.913   209.917   149.522  130   87   92  136
 177   254.710   150.030   149.768  208  165  166  196
 178    30.174   164.848   149.046  204  161  132  176
 179   239.650    90.157   149.669  286  245  235  272
 180   239.635    75.174   149.584  305  264  254  290
 181   269.685   164.997   149.752  188  145  148  192
 182   254.874   254.889   149.166   77   41   19   80
 183    45.103   209.816   148.764  146  103   76  120
 184   239.711   120.094   149.765  248  207  198  236
 185   105.015   254.864   148.828   87   38   29   70
 186   194.964   269.898   148.980   62   23    6   58
 187    60.142    90.112   149.347  298  257  223  284
 188   179.972   269.894   148.985   64   22    7   57
 189   224.650    60.187   149.505  325  284  272  309
 190   239.685   105.119   149.729  267  226  216  254
 191    30.168   179.821   148.962  185  142  113  157
 192   269.822   254.864   149.181   76   43   17   81
 193   179.758    45.204   149.429  347  306  288  330
 194    45.149   134.952   149.153  241  199  171  229
 195   254.713   135.049   149.798  227  185  181  215
 196   209.968   269.895   149.037   61   24    5   59
 197   194.713    45.215   149.430  346  305  289  329
 198   104.992    60.184   149.399  333  292  264  317
 199    30.184   149.892   149.107  223  180  151  198
 200   164.799    45.204   149.402  348  307  287  331
 201    60.083   239.807   148.648  108   64   51   85
 202   224.922   269.897   149.055   60   25    4   60
 203    90.043   254.848   148.736   88   40   30   69
 204    75.071   254.824   148.654   89   42   31   68
 205   284.883   194.951   149.644  149  106  111  155
 206    75.098    75.159   149.389  316  275  243  301
 207   269.677   150.041   149.803  207  164  167  195
 208   164.990   269.891   148.941   65   21    8   56
 209    90.049    60.198   149.358  334  293  263  318
 210    15.183   179.826   148.810  186  143  112  156
 211   239.898   269.886   149.043   59   26    3   61
 212   149.851    45.215   149.407  349  308  286  332
 213    30.150   194.799   148.817  166  123   94  138
 214   209.683    45.218   149.433  345  304  290  328
 215    45.183   105.075   149.280  280  239  203  267
 216   254.590    75.199   149.567  304  263  255  289
 217   134.895    45.212   149.402  350  309  285  333
 218    45.164   120.011   149.207  261  220  185  249
 219   149.998   269.883   148.910   66   20    9   55
 220   239.611    60.210   149.495  324  283  273  308
 221    45.197    90.134   149.339  299  258  222  285
 222    15.161   194.790   148.675  167  124   93  137
 223    45.109   224.807   148.675  127   84   55  102
 224    30.208   134.935   149.102  242  200  170  230
 225   135.006   269.877   148.861   67   19   10   54
 226   284.832   179.963   149.755  168  125  130  174
 227    30.135   209.784   148.698  147  104   75  119
 228   254.617    90.172   149.666  285  244  236  271
 229   224.618    45.223   149.423  344  303  291  327
 230    60.150    75.169   149.342  317  276  242  302
 231   254.648   105.142   149.743  266  225  217  253
 232    75.110    60.212   149.327  335  294  262  319
 233   269.842   269.839   149.114   57   28    1   63
 234    60.088   254.799   148.563   90   44   32   67
 235   269.660   135.085   149.794  226  184  182  214
 236   119.930    45.222   149.356  351  310  284  334
 237   254.878   269.868   149.049   58   27    2   62
 238   105.018   269.858   148.751   69   15   12   52
 239    15.190   164.847   148.912  205  162  131  175
 240    30.236   105.085   149.241  281  240  202  268
 241    45.106   239.793   148.580  109   65   52   84
 242   179.731    30.254   149.358  366  325  307  348
 243   269.617   120.132   149.808  246  204  199  234
 244   119.989   269.869   148.805   68   17   11   53
 245    90.042   269.832   148.652   70   13   13   51
 246   194.685    30.266   149.386  365  324  308  347
 247   239.567    45.240   149.442  343  302  292  326
 248   104.999    45.231   149.325  352  311  283  335
 249    30.263    90.146   149.305  300  259  221  286
 250   164.786    30.271   149.360  367  326  306  349
 251    45.217    75.197   149.319  318  277  241  303
 252    75.063   269.797   148.562   71   14   14   50
 253   269.591   105.159   149.750  265  224  218  252
 254    30.147   224.785   148.600  128   85   59  101
 255   254.554    60.223   149.488  323  282  274  307
 256   149.831    30.251   149.346  368  327  305  350
 257    15.146   209.782   148.554  148  105   74  118
 258   284.802   164.998   149.831  187  144  149  193
 259    90.068    45.250   149.313  353  312  282  336
 260   284.642   135.090   149.926  225  183  183  213
 261   134.891    30.266   149.339  369  328  304  351
 262   269.539    75.210   149.565  303  262  256  288
 263   284.714   150.028   149.889  206  163  168  194
 264    60.182    60.233   149.313  336  295  261  320
 265   269.569    90.191   149.666  284  243  237  270
 266    60.088   269.780   148.476   72   11   15   49
 267    30.283    75.212   149.297  319  278  240  304
 268    15.147   224.762   148.496  129   86   61  100
 269   209.643    30.270   149.376  364  323  309  346
 270   284.619   120.131   149.911  245  203  200  233
 271    45.117   254.781   148.495   91   45   33   66
 272   224.587    30.272   149.404  363  322  310  345
 273    45.118   269.752   148.377   73   12   16   48
 274   254.517    45.255   149.426  342  301  293  325
 275    30.149   239.766   148.526  110   66   53   83
 276    75.128    45.270   149.272  354  313  281  337
 277   119.928    30.281   149.297  370  329  303  352
 278   269.503    60.251   149.510  322  281  275  306
 279   239.544    30.292   149.377  362  321  311  344
 280   284.598   105.173   149.829  264  223  219  251
 281    30.148   254.744   148.435   92   47   34   65
 282    45.244    60.265   149.290  337  296  260  321
 283    60.198    45.294   149.252  355  314  280  338
 284    15.138   239.745   148.442  111   67   54   82
 285   254.486    30.304   149.357  361  320  312  343
 286   105.007    30.291   149.274  371  330  302  353
 287    90.080    30.305   149.254  373  331  301  354
 288   284.539    75.240   149.618  302  261  257  287
 289    30.311    60.292   149.268  338  297  259  322
 290   269.454    45.284   149.437  341  300  294  324
 291   284.581    90.203   149.725  283  242  238  269
 292    75.146    30.340   149.233  374  332  300  355
 293    15.150   254.708   148.381   93   48   35   64
 294   284.504    60.283   149.551  321  280  276  305
 295    45.265    45.321   149.237  356  315  279  339
 296   269.413    30.318   149.367  360  319  313  342
 297   284.427    45.300   149.504  340  299  295  323
 298    30.336    45.373   149.237  357  316  278  340
 299    60.216    30.359   149.211  377  333  299  356
 300    45.296    30.401   149.198  376  334  298  357
 301   284.365    30.352   149.438  359  318  314  341
 302   262.922   127.618   152.070  244  202   -1  231
 303   149.897   134.995   149.659  234  192   -1  222
 304   262.649   279.107   150.971   45   10   -1   45
 305    15.648    90.245   150.483  301  260  220   -1
 306    15.711    75.373   150.674  320  279  239   -1
 307    15.639   105.121   150.293  282  241  201   -1
 308   194.802   135.026   149.917  231  189   -1  219
 309    15.555   120.024   150.067  263  222  184   -1
 310    15.753    60.517   150.811  339  298  258   -1
 311   209.762   135.037   150.021  230  188   -1  218
 312    30.018    30.265   148.549  375   -1  297  358
 313    15.507   134.927   149.855  243  201  169   -1
 314   224.704   135.055   150.097  229  187   -1  217
 315    15.439   149.835   149.628  224  181  150   -1
 316   254.586   120.141   150.106  247  206   -1  235
 317    15.808    45.666   150.941  358  317  277   -1
 318    29.242    28.262   205.562  372  354  315   -1
 319    30.101   120.072   148.737  262  221   -1  250
 320   165.115   284.854   148.689   46    7   -1   37
 321    30.097   269.932   147.614   74   16   -1   47
 322   135.112   284.899   148.426   48    6   -1   35
 323   120.089   284.920   148.267   49    5   -1   34
 324    75.105   284.948   147.728   52    3   -1   31
 325    30.109   284.952   147.256   55    0   -1   28
 326    60.106   284.952   147.509   53    2   -1   30
 327    45.105   284.958   147.382   54    1   -1   29
 328    90.097   284.940   147.924   51    4   -1   32
 329    15.056   269.941   147.492   75   18   -1   46
 330   262.072   307.036   153.216   10   -1   -1   12
 331    31.852   307.536   152.557   29   -1   -1    7
 332   266.240   139.777   152.111   -1  182   -1  212
 333    32.176   125.875   148.944   -1  205   -1  232
 334   272.569   271.932   204.874   38   29   -1   -1
 335    60.537    15.063   146.091   -1  352   -1  374
 336    33.171    16.238    82.401   -1  335   -1  376
 337   157.935   281.558   295.738    9   -1   -1    0
