363
   1   134.841   119.621   276.021  221  220  212  221
   2   119.691   119.598   275.927  222  221  211  222
   3   134.838   104.485   275.967  240  239  231  240
   4   134.837   134.766   276.078  201  199  192  209
   5   264.283   127.535   278.130  208  208  204  210
   6   119.670   134.751   275.975  202  200  191  199
   7   149.985   149.952   276.137  181  180  174  181
   8   104.553   134.722   275.855  203  201  190  207
   9   149.986   104.512   276.018  239  238  232  239
  10   149.991   119.652   276.117  220  219  213  220
  11   119.689   104.465   275.883  241  240  230  241
  12   149.995   134.796   276.146  200  198  193  208
  13   104.558   119.577   275.833  223  222  210  223
  14   134.838   149.920   276.069  182  181  173  180
  15   149.995   165.088   276.157  162  161  161  162
  16   165.140   149.970   276.179  180  179  175  182
  17   104.574   104.445   275.778  242  241  229  242
  18   134.828   165.053   276.047  163  162  160  161
  19   119.699    89.346   275.825  260  259  249  260
  20   134.839    89.350   275.896  259  258  250  259
  21   165.148   165.111   276.207  161  160  162  163
  22   165.122   104.535   276.062  238  237  233  238
  23    89.424   134.689   275.747  204  202  189  205
  24   119.675   165.029   275.969  164  163  159  160
  25   165.130   134.825   276.199  199  197  194  200
  26   180.288   165.137   276.263  160  159  163  164
  27   195.443   165.167   276.280  159  158  164  165
  28    89.439   119.554   275.715  224  223  209  224
  29   149.984    89.375   275.956  258  257  251  258
  30   195.459   180.316   276.236  140  139  145  146
  31   149.995   180.235   276.093  143  142  142  143
  32   165.155   195.407   276.108  123  122  124  125
  33   195.470   195.468   276.190  121  120  126  127
  34   165.155   180.262   276.185  142  141  143  144
  35   180.307   180.292   276.204  141  140  144  145
  36   165.131   119.673   276.145  219  218  214  219
  37   134.843   180.207   276.039  144  143  141  142
  38   165.119    89.397   276.002  257  256  252  257
  39   180.288   149.995   276.235  179  178  176  183
  40   150.011   195.384   276.062  124  123  123  124
  41    89.441   104.432   275.704  243  242  228  243
  42   180.321   195.438   276.154  122  121  125  126
  43   134.850   195.358   275.994  125  124  122  123
  44   195.477   210.627   276.117  102  101  107  108
  45   104.536   164.997   275.871  165  164  158  159
  46   195.497   225.774   276.011   83   82   88   89
  47   104.585    89.322   275.718  261  260  248  261
  48   195.440   150.017   276.293  178  177  177  184
  49   210.592   165.189   276.307  158  157  165  166
  50   165.176   210.574   276.039  104  103  105  106
  51   210.605   180.338   276.253  139  138  146  147
  52   180.278   134.851   276.239  198  196  195  206
  53   150.013   210.547   275.998  105  104  104  105
  54   119.672   180.177   275.928  145  144  140  141
  55   180.331   210.605   276.154  103  102  106  107
  56    74.299   134.670   275.603  205  203  188  203
  57   180.337   225.757   276.000   84   83   87   88
  58   119.671   195.318   275.844  126  125  121  122
  59   195.427   134.879   276.277  197  195  196  204
  60   210.617   195.484   276.190  120  119  127  128
  61   180.277   119.705   276.192  218  217  215  218
  62    89.403   164.962   275.725  166  165  157  158
  63   165.180   225.728   275.968   85   84   86   87
  64    74.308   119.538   275.566  225  224  208  225
  65   180.265    89.430   276.018  256  255  253  256
  66   104.543   180.142   275.827  146  145  139  140
  67    74.333   104.419   275.529  244  243  227  244
  68   134.850   210.522   275.874  106  105  103  104
  69    89.453    89.305   275.614  262  261  247  262
  70   210.575   150.043   276.301  177  176  178  185
  71   180.272   104.565   276.140  237  236  234  237
  72   119.710    74.206   275.732  279  278  268  279
  73   104.586    74.196   275.632  280  279  267  280
  74   134.844    74.226   275.768  278  277  269  278
  75   210.631   210.642   276.117  101  100  108  109
  76   104.533   195.291   275.766  127  126  120  121
  77   195.427   119.732   276.221  217  216  216  217
  78   210.650   225.799   276.036   82   81   89   90
  79   165.109    74.263   275.896  276  275  271  276
  80   195.514   240.931   275.906   64   63   59   70
  81   149.981    74.239   275.843  277  276  270  277
  82   195.396    74.322   275.931  274  273  273  274
  83   195.403    89.455   276.021  255  254  254  255
  84   180.249    74.291   275.911  275  274  272  275
  85   225.724   195.526   276.195  119  118  128  129
  86    59.176   134.645   275.432  206  204  187  202
  87    59.189   119.522   275.421  226  225  207  226
  88   119.678   210.491   275.823  107  106  102  103
  89   225.731   180.364   276.259  138  137  147  148
  90    89.403   180.109   275.713  147  146  138  139
  91   180.345   240.907   275.884   65   64   58   69
  92   210.571   134.903   276.274  196  194  197  201
  93   225.719   165.216   276.291  157  156  166  167
  94   271.139   180.424   276.180  135  134  150  151
  95   271.170   210.712   276.042   97   96  112  113
  96   271.156   195.561   276.129  116  115  131  132
  97   150.030   225.700   275.907   86   85   85   86
  98   271.115   165.284   276.199  154  153  169  170
  99   104.536   210.440   275.669  108  107  101  102
 100    89.481    74.181   275.530  281  280  266  281
 101    74.274   164.930   275.583  167  166  156  157
 102   271.187   225.847   275.952   78   77   93   94
 103   210.520    74.341   275.941  273  272  274  273
 104   256.047   210.696   276.083   98   97  111  112
 105   271.099   150.150   276.213  173  172  182  189
 106   195.410   104.592   276.162  236  235  235  236
 107   271.200   240.991   275.830   58   58   70   75
 108   271.085   135.020   276.180  192  190  201  193
 109   134.858   225.666   275.794   87   86   84   85
 110   256.027   195.544   276.169  117  116  130  131
 111   210.665   240.948   275.885   63   62   61   71
 112    59.213   104.401   275.402  245  244  226  245
 113   240.885   195.532   276.208  118  117  129  130
 114   255.991   165.261   276.232  155  154  168  169
 115    89.403   195.252   275.604  128  127  119  120
 116   210.536    89.477   276.054  254  253  255  254
 117   256.059   225.844   275.979   79   78   92   93
 118   225.709   150.071   276.297  176  175  179  186
 119   225.782   225.816   276.028   81   80   90   91
 120    74.356    89.298   275.510  263  262  246  263
 121   225.759   210.669   276.122  100   99  109  110
 122   256.005   180.404   276.205  136  135  149  150
 123   256.071   240.988   275.859   60   59   68   74
 124   240.877   180.388   276.245  137  136  148  149
 125   240.905   210.687   276.121   99   98  110  111
 126   255.978   150.115   276.275  174  173  181  188
 127    44.105   104.391   275.252  246  245  225  246
 128   195.523   256.076   275.754   45   43   44   51
 129    59.144   164.897   275.436  168  167  155  156
 130    13.851   134.587   274.989  210  207  184  191
 131    13.871   119.476   274.963  229  228  203  228
 132   195.379    59.198   275.780  293  292  292  293
 133   210.563   119.754   276.234  216  215  217  216
 134   240.858   165.245   276.265  156  155  167  168
 135    89.400   210.410   275.576  109  108  100  101
 136   225.798   240.958   275.904   62   61   64   72
 137   104.552   225.603   275.573   89   88   82   83
 138    44.056   134.625   275.250  207  205  186  197
 139   240.927   225.835   276.002   80   79   91   92
 140   165.189   240.880   275.809   66   65   60   68
 141    74.268   180.074   275.557  148  147  137  138
 142    28.947   134.604   275.075  209  206  185  194
 143   210.501    59.217   275.784  292  291  293  292
 144    89.490    59.079   275.414  300  299  285  300
 145    13.815   149.699   274.976  190  188  171  172
 146   271.219   256.128   275.682   38   42   38   56
 147    89.398   225.561   275.420   90   89   81   82
 148    44.077   119.503   275.233  227  226  206  227
 149   271.070   119.883   276.118  212  210  221  212
 150   104.599    59.089   275.524  299  298  286  299
 151   240.942   240.983   275.883   61   60   65   73
 152   240.847   150.093   276.295  175  174  180  187
 153   119.709    59.107   275.635  298  297  287  298
 154   210.671   256.102   275.760   44   41   43   52
 155    13.916   104.373   274.933  248  247  223  248
 156   286.228   119.909   276.045  211  209  222  211
 157   286.242   135.044   276.103  191  189  202  192
 158   165.116    59.139   275.733  295  294  290  295
 159   180.234    59.165   275.760  294  293  291  294
 160   271.022    89.616   275.928  250  249  259  250
 161   210.545   104.618   276.180  235  234  236  235
 162   225.703   134.937   276.234  195  193  198  196
 163    29.001   104.389   275.085  247  246  224  247
 164   271.047   104.749   276.030  231  230  240  231
 165   119.694   225.632   275.705   88   87   83   84
 166    59.234    89.279   275.342  264  263  245  264
 167    13.936    89.280   274.902  267  266  242  267
 168   134.845    59.105   275.634  297  296  288  297
 169    74.265   195.221   275.502  129  128  118  119
 170   256.091   256.133   275.709   40   40   40   55
 171   270.969    59.358   275.617  288  287  297  288
 172    74.368    74.178   275.399  282  281  265  282
 173   255.973   134.990   276.215  193  191  200  195
 174    13.793   164.814   274.961  171  170  152  153
 175   180.369   256.061   275.715   46   44   45   50
 176   271.010    74.480   275.779  269  268  278  269
 177   271.230   271.264   275.518   18   36   20   37
 178    29.031    89.276   275.081  266  265  243  266
 179   149.979    59.122   275.703  296  295  289  296
 180    28.956   119.482   274.976  228  227  205  229
 181    44.014   164.882   275.289  169  168  154  155
 182    44.120    89.285   275.216  265  264  244  265
 183   225.634    74.374   275.923  272  271  275  272
 184   225.814   256.124   275.764   43   39   42   53
 185   150.050   240.856   275.789   67   66   57   67
 186   255.908    89.577   275.973  251  250  258  251
 187    28.912   164.842   275.138  170  169  153  154
 188   225.656    89.507   276.067  253  252  256  253
 189   286.210   104.777   275.962  230  229  241  230
 190   286.294   150.159   276.139  172  171  183  190
 191   134.872   240.829   275.688   68   67   62   66
 192    74.258   210.366   275.392  110  109   99  100
 193   255.957   119.843   276.145  213  211  220  213
 194    59.142   180.041   275.398  149  148  136  137
 195   104.541   240.750   275.427   70   69   66   64
 196    13.978    74.188   274.863  286  285  261  286
 197   286.406   225.840   275.898   76   76   94   95
 198   225.614    59.245   275.744  291  290  294  291
 199   286.395   240.985   275.785   56   57   72   76
 200   286.396   256.113   275.647   36   45   39   57
 201    89.407   240.716   275.332   71   70   67   63
 202   255.863    59.320   275.678  289  288  296  289
 203    13.775   179.946   274.923  152  151  133  134
 204    59.120   195.181   275.338  130  129  117  118
 205   240.954   256.130   275.729   42   38   41   54
 206   255.932   104.718   276.088  232  231  239  232
 207   286.197    89.652   275.860  249  248  260  249
 208   286.383   180.439   276.106  134  133  151  152
 209   119.692   240.797   275.568   69   68   63   65
 210   210.690   271.249   275.602   25   30   24   33
 211    59.252    74.176   275.310  283  282  264  283
 212   240.846   134.963   276.263  194  192  199  198
 213    29.057    74.181   275.019  285  284  262  285
 214   270.943    44.235   275.420  307  306  316  307
 215   286.366   165.308   276.143  153  152  170  171
 216   286.365   271.251   275.496   16   37   19   38
 217   255.889    74.445   275.844  270  269  277  270
 218   286.439   210.721   276.004   96   95  113  114
 219   225.670   104.652   276.138  234  233  237  234
 220   195.530   271.228   275.559   26   29   25   32
 221    74.390    59.077   275.321  301  300  284  301
 222    74.261   225.522   275.287   91   90   80   81
 223   286.419   195.595   276.061  115  114  132  133
 224   225.695   119.781   276.222  215  213  218  215
 225   286.162    74.522   275.716  268  267  279  268
 226    44.151    74.180   275.158  284  283  263  284
 227   256.103   271.272   275.511   20   35   21   36
 228    44.006   180.002   275.224  150  149  135  136
 229   240.784    89.539   276.031  252  251  257  252
 230    28.892   179.972   275.093  151  150  134  135
 231   286.124    59.404   275.545  287  286  298  287
 232    74.259   240.668   275.146   72   71   69   62
 233    13.753   195.068   274.838  133  132  114  115
 234   195.357    44.066   275.656  312  311  311  312
 235   210.484    44.092   275.578  311  310  312  311
 236    89.510    43.979   275.268  319  318  304  317
 237   165.205   256.041   275.679   47   46   46   49
 238    59.118   210.343   275.236  111  110   98   99
 239    14.013    59.108   274.765  305  304  280  305
 240   240.822   119.822   276.214  214  212  219  214
 241   240.772    74.404   275.884  271  270  276  271
 242   225.824   271.264   275.589   24   32   23   34
 243   240.743    59.282   275.727  290  289  295  290
 244   240.962   271.267   275.568   22   34   22   35
 245    59.289    59.076   275.197  302  301  283  302
 246   286.360   286.386   275.304    0   18    0   18
 247   165.093    44.029   275.564  314  313  309  314
 248    28.867   195.109   275.032  132  131  115  116
 249    13.745   210.208   274.753  114  113   95   96
 250   180.222    44.053   275.606  313  312  310  313
 251   104.608    43.983   275.370  318  317  305  316
 252   271.228   286.396   275.350    1   17    1   17
 253    29.091    59.090   274.923  304  303  281  304
 254    44.005   195.147   275.187  131  130  116  117
 255   255.837    44.187   275.477  308  307  315  308
 256   119.708    43.994   275.476  317  316  306  315
 257   180.365   271.205   275.562   27   26   26   31
 258   195.531   286.377   275.385    6   12    6   12
 259    13.735   225.338   274.608   95   94   76   77
 260    59.119   225.479   275.150   92   91   79   80
 261    74.406    43.977   275.170  320  319  303  318
 262    43.982   210.299   275.088  112  111   97   98
 263   240.808   104.670   276.115  233  232  238  233
 264    74.267   255.814   274.980   53   52   52   43
 265   134.883   255.982   275.541   49   48   48   47
 266   210.685   286.389   275.408    5   13    5   13
 267    59.117   240.627   274.972   73   72   71   61
 268    89.411   255.861   275.127   52   51   51   44
 269   225.599    44.119   275.553  310  309  313  310
 270    28.855   210.243   274.928  113  112   96   97
 271   104.554   255.902   275.277   51   50   50   45
 272    43.977   240.577   274.803   74   73   73   60
 273   255.811    29.080   275.236  327  326  334  325
 274    44.183    59.082   275.054  303  302  282  303
 275    59.118   255.770   274.798   54   53   53   42
 276    43.983   225.437   274.974   93   92   78   79
 277   119.698   255.948   275.443   50   49   49   46
 278   150.052   256.001   275.599   48   47   47   48
 279    28.851   240.531   274.628   75   74   74   59
 280   180.375   286.352   275.336    8   11    7   11
 281    28.856   225.388   274.797   94   93   77   78
 282    29.130    44.006   274.813  323  322  300  321
 283    59.305    43.980   275.066  321  320  302  319
 284   240.718    44.156   275.536  309  308  314  309
 285    43.980   255.727   274.621   55   54   54   41
 286   165.216   271.185   275.509   28   24   27   30
 287   225.831   286.408   275.394    4   14    4   14
 288   119.714    28.895   275.258  336  335  325  334
 289   195.333    28.964   275.391  331  330  330  329
 290   134.884   271.121   275.353   30   20   29   28
 291   165.086    28.929   275.366  333  332  328  331
 292   240.975   286.408   275.384    3   15    3   15
 293    59.104   270.909   274.576   35   27   34   23
 294   104.614    28.882   275.188  337  336  324  335
 295   104.563   271.050   275.136   32   21   31   26
 296   165.221   286.341   275.314    9   10    8   10
 297   210.454    28.988   275.375  330  329  331  328
 298    74.262   270.949   274.785   34   25   33   24
 299   119.703   271.090   275.276   31   19   30   27
 300    89.407   271.007   274.956   33   23   32   25
 301   150.056   271.158   275.442   29   22   28   29
 302   256.109   286.444   275.320    2   16    2   16
 303    44.213    43.991   274.950  322  321  301  320
 304    89.530    28.874   275.115  338  337  323  336
 305    74.427    28.890   275.021  339  338  322  337
 306   180.202    28.948   275.402  332  331  329  330
 307   134.844    28.902   275.306  335  334  326  333
 308   104.560   286.200   274.945   13    6   12    6
 309   225.565    29.008   275.338  329  328  332  327
 310   134.890   286.281   275.147   11    8   10    8
 311   150.057   286.309   275.223   10    9    9    9
 312    44.244    28.910   274.823  341  340  320  339
 313   149.959    28.909   275.327  334  333  327  332
 314   240.693    29.039   275.290  328  327  333  326
 315    59.331    28.897   274.923  340  339  321  338
 316    89.401   286.153   274.754   14    5   13    5
 317   119.703   286.246   275.085   12    7   11    7
 318   119.711    13.817   275.077  358  354  344  351
 319   104.635    13.801   274.990  359  355  343  352
 320    89.534    13.768   274.898  362  356  342  353
 321    74.450    13.792   274.798  357  357  341  354
 322   195.313    13.874   275.139  353  349  349  348
 323    59.360    13.814   274.732  354  358  340  355
 324   134.840    13.815   275.104  360  353  345  350
 325   210.433    13.888   275.121  351  348  350  347
 326   149.965    13.805   275.085  361  352  346  349
 327   225.536    13.932   275.102  349  347  351  346
 328    44.409   285.486   276.567   19   -1   16    2
 329    29.376   285.415   276.576   21   -1   17    1
 330    44.383   270.470   276.485   37   -1   35   22
 331    59.448   285.557   276.581   17   -1   15    3
 332    29.347   270.406   276.458   39   -1   36   21
 333    14.361   285.329   276.684   23   -1   18    0
 334    29.316   255.379   276.399   57   -1   55   40
 335   119.639   149.892   276.174  183  182   -1  179
 336    14.315   270.332   276.525   41   -1   37   20
 337   104.497   149.873   276.033  184  183   -1  178
 338    89.350   149.843   275.902  185  184   -1  177
 339    14.280   255.304   276.388   59   -1   56   39
 340    74.507   285.619   276.585   15   -1   14    4
 341    14.234   240.280   276.273   77   -1   75   58
 342    74.214   149.845   275.719  186  185   -1  176
 343    59.065   149.838   275.596  187  186   -1  175
 344   285.613    44.529   277.140   -1  305  317  306
 345   270.534    29.458   276.962   -1  325  335  324
 346   285.547    29.506   277.069   -1  324  337  323
 347    43.914   149.812   275.581  188  187   -1  174
 348   270.500    14.434   276.883   -1  344  354  343
 349   255.490    14.391   276.746   -1  345  353  344
 350    29.064   149.799   275.415  189   -1  172  173
 351    14.361    44.227   275.810  324  323  299   -1
 352   134.795    44.043   275.553  316  315  307   -1
 353   149.905    44.033   275.465  315  314  308   -1
 354    28.777    13.661   273.767  350   -1  338  357
 355    28.804    28.788   273.970  342   -1  319  340
 356    43.878    13.628   273.976  352   -1  339  356
 357    13.718    28.830   273.775  343   -1  318  341
 358    13.701    13.705   273.543  347   -1  336  358
 359   240.453    14.359   276.660   -1  346  352  345
 360   164.944    13.837   274.919  356  351  347   -1
 361   180.064    13.799   274.709  355  350  348   -1
 362   263.461   280.265   278.177    7   -1   -1   19
 363   285.368    14.774   277.399   -1  343   -1  342
