354
   1   164.751   105.303    87.439  298  229  231  287
   2   149.865   105.305    87.406  299  230  230  288
   3   149.899   135.082    87.373  260  190  190  247
   4   149.887   120.190    87.424  280  211  211  269
   5   164.769   120.183    87.470  279  210  212  268
   6   120.112   164.864    87.201  224  153  150  207
   7   164.741    90.420    87.459  317  248  250  306
   8   262.238   127.758    89.508  270  200  201  257
   9   179.641   105.302    87.475  297  228  232  286
  10   134.996   135.083    87.363  261  191  189  248
  11   135.014   164.863    87.261  223  152  151  208
  12   135.021   149.970    87.313  242  171  170  229
  13   149.908   149.972    87.346  241  170  171  228
  14   105.240   164.862    87.177  225  154  149  206
  15   179.631    90.415    87.444  316  247  251  305
  16   164.788   135.082    87.399  259  189  191  246
  17   120.128   179.770    87.120  205  134  131  189
  18   105.248   179.760    87.080  206  135  130  188
  19   134.995   120.197    87.386  281  212  210  270
  20   120.101   149.974    87.280  243  172  169  230
  21   105.263   194.664    86.929  187  116  111  170
  22   120.139   194.670    86.997  186  115  112  171
  23   194.508    90.413    87.472  315  246  252  304
  24   149.860    90.422    87.425  318  249  249  307
  25   149.919   164.866    87.269  222  151  152  209
  26    90.361   179.753    87.031  207  136  129  187
  27   179.669   120.187    87.473  278  209  213  267
  28   135.037   179.764    87.151  204  133  132  190
  29   134.980   105.311    87.414  300  231  229  289
  30   135.054   194.673    87.022  185  114  113  172
  31   149.927   179.765    87.190  203  132  133  191
  32   179.676   135.088    87.444  258  188  192  245
  33   120.097   135.092    87.323  262  192  188  249
  34   164.805   149.968    87.379  240  169  172  227
  35   105.229   149.966    87.244  244  173  168  231
  36   179.602    75.519    87.406  335  266  270  324
  37    90.353   164.854    87.134  226  155  148  205
  38   194.532   105.302    87.504  296  227  233  285
  39    90.372   194.661    86.905  188  117  110  169
  40   135.065   209.585    86.921  166   95   94  154
  41   164.830   164.862    87.299  221  150  153  210
  42   120.146   209.588    86.878  167   96   93  153
  43   179.695   149.965    87.391  239  168  173  226
  44   149.960   194.667    87.073  184  113  114  173
  45   120.100   120.200    87.370  282  213  209  271
  46   105.262   209.578    86.821  168   97   92  152
  47   194.492    75.521    87.407  334  265  271  323
  48   164.721    75.528    87.410  336  267  269  325
  49   209.391    90.409    87.475  314  245  253  303
  50   261.981   278.690    87.846   67    9    8   74
  51    75.478   179.757    86.981  208  137  128  186
  52   164.840   179.760    87.233  202  131  134  192
  53   105.225   135.090    87.298  263  193  187  250
  54   194.556   120.183    87.505  277  208  214  266
  55   194.576   135.082    87.466  257  187  193  244
  56   179.705   164.861    87.346  220  149  154  211
  57    75.485   194.662    86.857  189  118  109  168
  58   134.967    90.429    87.417  319  250  248  308
  59    90.373   209.578    86.768  169   98   91  151
  60   194.594   149.966    87.417  238  167  174  225
  61   120.089   105.329    87.414  301  232  228  290
  62   149.973   209.584    86.957  165   94   95  155
  63   164.856   194.657    87.132  183  112  115  174
  64    90.349   149.965    87.219  245  174  167  233
  65   209.365    75.515    87.421  333  264  272  322
  66   149.842    75.534    87.414  337  268  268  326
  67   209.416   105.302    87.530  295  226  234  284
  68   135.079   224.494    86.812  147   76   74  136
  69    75.474   164.855    87.103  227  156  147  204
  70   120.174   224.498    86.772  148   77   71  135
  71    75.484   209.569    86.725  170   99   90  150
  72   179.730   179.760    87.252  201  130  135  193
  73   209.466   135.079    87.496  256  186  194  243
  74   209.445   120.181    87.534  276  207  215  265
  75   105.221   120.201    87.368  283  214  208  272
  76   194.608   164.859    87.377  219  148  155  212
  77   120.080    90.449    87.422  320  251  247  309
  78   105.286   224.497    86.721  149   78   67  134
  79   209.483   149.961    87.469  237  166  175  224
  80    60.601   179.750    86.957  209  138  127  185
  81    60.588   194.648    86.803  190  119  108  167
  82   105.223   105.325    87.379  302  233  227  291
  83   164.876   209.581    87.008  164   93   96  156
  84   179.754   194.663    87.146  182  111  116  175
  85   224.265    90.412    87.508  313  244  254  302
  86    90.354   135.091    87.281  264  194  186  251
  87   194.634   179.761    87.301  200  129  136  194
  88   209.508   164.856    87.392  218  147  156  213
  89   149.992   224.495    86.855  146   75   75  137
  90   179.576    60.638    87.374  354  285  289  343
  91    90.383   224.484    86.660  150   79   68  133
  92   194.458    60.630    87.360  353  284  290  342
  93   179.776   209.580    87.056  163   92   97  157
  94   224.230    75.526    87.449  332  263  273  321
  95    75.475   149.966    87.179  246  175  166  236
  96    60.599   209.572    86.667  171  100   89  149
  97   194.659   194.655    87.187  181  110  117  176
  98   134.967    75.547    87.402  338  269  267  327
  99   224.328   120.186    87.568  275  206  216  264
 100   164.710    60.650    87.380  355  286  288  344
 101   224.286   105.308    87.555  294  225  235  283
 102   209.334    60.628    87.363  352  283  291  341
 103    60.593   164.847    87.069  228  157  146  203
 104   135.093   239.419    86.746  128   57   57  118
 105    75.493   224.479    86.618  151   80   70  132
 106   194.662   209.577    87.082  162   91   98  158
 107   224.347   135.083    87.557  255  185  195  242
 108   209.532   179.751    87.321  199  128  137  195
 109    90.356   120.211    87.339  284  215  207  273
 110   164.895   224.495    86.879  145   74   77  138
 111   209.557   194.645    87.236  180  109  118  177
 112   105.278   239.412    86.655  130   59   60  116
 113    45.720   179.743    86.907  210  139  126  184
 114   120.169   239.412    86.706  129   58   59  117
 115    60.601   224.478    86.579  152   81   69  131
 116   105.216    90.456    87.402  321  252  246  310
 117   209.570   209.560    87.131  161   90   99  159
 118   224.365   149.963    87.495  236  165  176  223
 119   224.200    60.631    87.387  351  282  292  340
 120   224.389   164.853    87.422  217  146  157  214
 121   224.460   194.659    87.269  179  108  119  178
 122    90.343   105.341    87.373  303  234  226  292
 123    45.709   194.652    86.758  191  120  107  166
 124   150.015   239.411    86.797  127   56   56  119
 125   239.111    75.522    87.441  331  262  274  320
 126    75.469   135.097    87.222  265  195  185  252
 127   224.417   179.747    87.347  198  127  138  196
 128   120.078    75.561    87.411  339  270  266  328
 129   239.131    90.423    87.537  312  243  255  301
 130   149.831    60.650    87.370  356  287  287  345
 131   224.464   209.555    87.136  160   89  100  160
 132   239.199   120.197    87.616  274  205  217  263
 133    45.707   209.558    86.610  172  101   88  148
 134   179.795   224.487    86.961  144   73   78  139
 135    90.391   239.401    86.596  131   60   61  115
 136   239.350   209.542    87.164  159   88  101  161
 137    60.599   149.975    87.145  247  176  165  234
 138   239.327   194.628    87.275  178  107  120  179
 139   164.904   239.408    86.829  126   55   54  120
 140   239.268   164.850    87.486  216  145  158  215
 141   239.227   135.084    87.616  254  184  196  241
 142   194.705   224.481    86.988  143   72   79  140
 143   194.429    45.760    87.360  372  303  309  361
 144   254.263   224.422    87.111  139   68   83  144
 145   239.170   105.305    87.596  293  224  236  282
 146   239.298   179.740    87.388  197  126  139  197
 147    45.715   164.856    87.027  229  158  145  202
 148   254.076   120.206    87.615  273  204  218  262
 149    90.341    90.470    87.400  322  253  245  311
 150   239.250   149.956    87.546  235  164  177  222
 151    75.475   120.220    87.296  285  216  206  274
 152    75.507   239.380    86.550  132   61   62  114
 153    30.845   179.746    86.878  211  140  125  183
 154   239.379   224.442    87.061  140   69   82  143
 155   254.211   194.622    87.339  177  106  121  180
 156   254.242   209.527    87.220  158   87  102  162
 157   209.311    45.751    87.339  371  302  310  360
 158   135.114   254.328    86.691  109   28   39  100
 159   105.214    75.579    87.397  340  271  265  329
 160   209.598   224.468    86.997  142   71   80  141
 161   224.493   224.454    87.033  141   70   81  142
 162   269.144   224.395    87.154  138   67   84  145
 163   239.077    60.643    87.401  350  281  293  339
 164    75.483   105.355    87.361  304  235  225  293
 165    30.826   194.639    86.722  192  121  106  165
 166   134.952    60.661    87.362  357  288  286  346
 167   179.554    45.758    87.323  373  304  308  362
 168   269.171   239.299    87.070  119   52   55  127
 169   254.178   179.726    87.434  196  125  140  198
 170   224.170    45.747    87.350  370  301  311  359
 171    45.713   224.466    86.501  153   82   72  130
 172   253.981    75.537    87.461  330  261  275  319
 173   164.685    45.769    87.305  374  305  307  363
 174   179.817   239.394    86.843  125   53   52  121
 175    60.613   239.377    86.489  133   62   63  113
 176   150.028   254.327    86.740  108   29   38  101
 177   254.109   135.072    87.634  253  183  197  240
 178    45.728   149.971    87.103  248  177  164  235
 179   120.192   254.327    86.655  110   30   40   99
 180    30.820   209.541    86.588  173  102   87  147
 181   269.121   209.507    87.277  157   86  103  163
 182   254.292   239.327    87.013  120   49   53  126
 183   164.931   254.317    86.758  107   32   37  102
 184   105.297   254.318    86.590  111   31   41   98
 185    60.602   135.100    87.203  266  196  184  253
 186   194.727   239.395    86.875  124   51   50  122
 187    60.606   120.233    87.278  286  217  205  275
 188   254.015    90.431    87.538  311  242  256  300
 189   254.156   164.838    87.520  215  144  159  216
 190   239.403   239.346    86.961  121   48   51  125
 191   254.128   149.954    87.592  234  163  178  221
 192    30.853   164.844    87.048  230  159  144  201
 193   254.050   105.319    87.616  292  223  237  281
 194   224.509   239.363    86.904  122   47   48  124
 195   269.089   194.608    87.364  176  105  122  181
 196   209.621   239.374    86.917  123   50   49  123
 197    75.496    90.490    87.391  323  254  244  312
 198   149.820    45.784    87.354  375  306  306  364
 199    90.355    75.593    87.366  341  272  264  330
 200    45.716   239.374    86.423  134   63   64  112
 201    90.406   254.316    86.544  112   33   42   97
 202   239.040    45.751    87.346  369  300  312  358
 203    75.519   254.302    86.488  113   35   43   96
 204    30.833   224.456    86.482  154   83   73  129
 205   253.945    60.647    87.382  349  280  294  338
 206   269.195   254.199    86.978  100   45   30  109
 207   269.056   179.717    87.500  195  124  141  199
 208    60.619   105.363    87.315  305  236  224  294
 209   179.838   254.313    86.809  106   34   36  103
 210   120.079    60.682    87.346  358  289  285  347
 211   194.401    30.899    87.310  391  322  328  380
 212   254.320   254.235    86.934  101   43   31  108
 213   150.036   269.227    86.659   89   18   19   83
 214   164.942   269.224    86.688   88   19   18   84
 215   269.027   164.829    87.590  214  143  160  218
 216   239.425   254.258    86.904  102   41   32  107
 217    60.623   254.290    86.439  114   37   44   95
 218    60.624    90.509    87.386  324  255  243  313
 219   268.936   120.208    87.716  272  203  219  261
 220   253.898    45.756    87.319  368  299  313  357
 221   194.740   254.300    86.808  105   36   35  104
 222   268.882    90.434    87.568  310  241  257  299
 223   269.007   149.951    87.644  233  162  179  220
 224   135.121   269.226    86.634   90   17   20   82
 225    45.731   135.104    87.149  267  197  183  254
 226   224.531   254.271    86.855  103   40   33  106
 227   179.525    30.899    87.333  392  323  327  381
 228   105.216    60.703    87.366  359  290  284  348
 229   268.905   105.328    87.659  291  222  238  280
 230    30.860   149.970    87.138  249  178  163  232
 231   120.199   269.232    86.609   91   16   21   81
 232   268.985   135.086    87.694  252  182  198  239
 233    75.492    75.618    87.375  342  273  263  331
 234   209.269    30.883    87.332  390  321  329  379
 235   209.637   254.285    86.835  104   38   34  105
 236   224.133    30.879    87.334  389  320  330  378
 237   179.842   269.211    86.746   87   20   17   85
 238   268.853    75.538    87.483  329  260  276  318
 239   134.945    45.798    87.352  376  307  305  365
 240   284.138   224.354    87.160  137   66   85  146
 241   269.211   269.093    86.886   80   26   11   91
 242    45.730   254.285    86.391  115   39   45   94
 243   164.667    30.904    87.299  393  324  326  382
 244   284.142   239.261    87.071  118   54   58  128
 245   105.311   269.230    86.552   92   15   22   80
 246   194.749   269.205    86.808   86   21   16   86
 247   254.330   269.134    86.839   81   25   12   90
 248   268.805    60.665    87.413  348  279  295  337
 249    90.410   269.216    86.502   93   14   23   79
 250    30.872   135.103    87.130  268  198  182  255
 251    45.742   120.247    87.234  287  218  204  276
 252   149.801    30.909    87.311  394  325  325  383
 253    30.838   239.360    86.409  135   64   65  111
 254   238.998    30.886    87.347  388  319  331  377
 255    90.355    60.726    87.347  360  291  283  349
 256    75.517   269.201    86.424   94   13   24   78
 257   239.428   269.160    86.804   82   24   13   89
 258    45.765    90.542    87.398  325  256  242  314
 259   284.126   269.053    86.923   79   27   10   92
 260   209.660   269.191    86.785   84   22   15   87
 261   224.539   269.182    86.797   83   23   14   88
 262    60.625    75.647    87.392  343  274  262  332
 263    45.753   105.394    87.329  306  237  223  295
 264    60.623   269.191    86.392   95   11   25   77
 265   284.157   254.152    86.979   99   46   29  110
 266   120.067    45.817    87.322  377  308  304  366
 267    45.742   269.176    86.347   96   10   26   76
 268   253.862    30.888    87.366  387  318  332  376
 269    30.842   254.254    86.386  116   42   46   93
 270    75.501    60.752    87.338  361  292  282  350
 271   268.756    45.779    87.369  367  298  314  356
 272    30.896   105.418    87.354  307  238  222  296
 273    45.777    75.683    87.415  344  275  261  333
 274    30.865   120.247    87.129  288  219  203  277
 275   283.841   105.320    87.600  290  221  239  279
 276    30.916    90.557    87.433  326  257  241  315
 277   134.933    30.937    87.303  396  326  324  384
 278   105.214    45.837    87.307  378  309  303  367
 279   283.889   135.081    87.671  251  181  199  238
 280   283.858   120.201    87.715  271  202  220  260
 281   283.769    75.555    87.446  328  259  277  317
 282    30.857   269.149    86.332   97   12   27   75
 283    15.992   135.123    87.165  269  199  181  256
 284   268.708    30.900    87.382  386  317  333  375
 285    90.366    45.860    87.326  379  310  302  368
 286   283.814    90.434    87.523  309  240  258  298
 287    60.655    60.788    87.371  362  293  281  351
 288   283.741    60.671    87.357  347  278  296  336
 289   284.168   209.486    87.265  156   85  104  164
 290    30.922    75.707    87.441  345  276  260  334
 291    16.043   105.425    87.307  308  239  221  297
 292   120.061    30.956    87.301  397  327  323  385
 293    16.004   120.273    87.231  289  220  202  278
 294    75.510    45.885    87.321  380  311  301  369
 295    16.079    75.757    87.507  346  277  259  335
 296    16.050    90.595    87.433  327  258  240  316
 297   284.131   194.604    87.384  175  104  123  182
 298   283.642    45.793    87.415  366  297  315  355
 299    45.799    60.828    87.395  363  294  280  352
 300   283.966   149.931    87.633  232  161  180  219
 301    60.645    45.922    87.271  381  312  300  370
 302   105.218    30.977    87.312  400  328  322  386
 303   283.572    30.918    87.413  385  316  334  374
 304   284.083   179.701    87.493  194  123  142  200
 305    30.945    60.868    87.395  364  295  279  353
 306    90.374    31.004    87.298  403  329  321  387
 307    45.813    45.970    87.351  382  313  299  371
 308    16.119    60.912    87.459  365  296  278  354
 309   284.055   164.818    87.588  213  142  161  217
 310    75.522    31.045    87.292  402  330  320  388
 311    30.971    46.027    87.401  383  314  298  372
 312    60.678    31.079    87.312  401  331  319  389
 313    45.835    31.129    87.322  399  332  318  390
 314    32.738   126.232    88.748   -1  201  200  258
 315    16.241   149.942    87.962  250  179  162   -1
 316    16.181   164.805    87.660  231  160  143   -1
 317    30.636    30.986    86.729  398   -1  317  391
 318    16.122   179.695    87.294  212  141  124   -1
 319    16.035   194.584    86.905  193  122  105   -1
 320   284.029   284.022    86.231   59   -1    0   73
 321   164.880   284.033    86.915   68   -1    7   65
 322    31.699   277.821    86.865   85    8    9   -1
 323    15.791    16.123    86.615  404   -1  335  394
 324    15.967   209.495    86.528  174  103   86   -1
 325    15.821    45.940    86.714  384   -1  297  373
 326    30.617    16.052    86.648  405   -1  336  393
 327    15.796    31.055    86.707  395   -1  316  392
 328   269.110   284.037    86.295   60   -1    1   72
 329   254.219   284.074    86.315   61   -1    2   71
 330   194.654   284.046    86.725   65   -1    6   67
 331    15.892   224.398    86.178  155   84   76   -1
 332    15.837   239.312    85.954  136   65   66   -1
 333   209.547   284.054    86.650   64   -1    5   68
 334    30.851   284.251    85.454   77    0   -1   56
 335    15.795   254.206    85.718  117   44   47   -1
 336    45.758   284.249    85.531   76    1   -1   57
 337    75.581   284.227    85.784   74    3   -1   59
 338    90.490   284.209    85.958   73    4   -1   60
 339    60.668   284.236    85.639   75    2   -1   58
 340   135.233   284.138    86.432   70    7   -1   63
 341   105.398   284.187    86.148   72    5   -1   61
 342   120.305   284.168    86.262   71    6   -1   62
 343    90.471    16.396    88.714  409  337  340   -1
 344   224.436   284.082    86.556   63   -1    4   69
 345    46.141    16.647    89.380  406  340  337   -1
 346   239.326   284.117    86.461   62   -1    3   70
 347    75.686    16.483    88.897  408  338  339   -1
 348   105.269    16.343    88.488  411  336  341   -1
 349   120.069    16.295    88.328  412  335  342   -1
 350    60.908    16.555    89.152  407  339  338   -1
 351   261.509   305.915    91.444   31   -1   -1   38
 352    32.521   306.700    90.497   49   -1   -1   36
 353   265.586   139.773    90.074   -1  180   -1  237
 354    57.001   275.342   260.153   40   -1   28   -1
