6.724187484576675615e+02
5.049886895449516189e+00
-1.367950103765267489e-01
-1.104372446934954066e+00
8.403953721020187596e-04
-4.943403594715013125e-05
7.673098555698561543e-04
2.329651627356447464e-03
-5.422508612391409646e-04
-1.659330225128805553e-08
-3.163823658887860410e-08
5.232666629202873355e-07
-1.982558330881125510e-07
2.183235869149420957e-06
2.848677675616027527e-06
1.663668476219954814e-07
-1.041921030128477310e-03
3.042525166311788707e-06
-5.906838594013011438e-07
