1.648338580922369374e+03
2.143888430457824845e-01
-5.085888992234770534e+00
1.002283584431814534e+00
-6.977975084888018093e-06
-8.092913804824830451e-04
-8.961913366828971233e-04
5.211106150555939965e-04
-2.455535617823770451e-03
8.579509563780362869e-08
1.595323046325779889e-07
2.387040102501270040e-07
-4.462940408752938827e-07
-2.611490053394218584e-06
-8.640952797677540141e-08
-2.374913170065053441e-06
1.000193401968422439e-03
5.338345410062048519e-07
-3.249676301775226465e-06
