1.681325406993183378e+03
-2.056642637156400333e-01
-5.304064071726399376e+00
1.155426581871376923e+00
4.453603172912341986e-05
-1.078320447008000726e-03
5.195299862253170350e-04
-4.863107620465107980e-04
-3.149855217365775135e-03
7.924799263303435303e-10
-5.375452410107397435e-08
2.323279434244543435e-07
7.359759327394140929e-07
2.083707027863707033e-06
-7.414477660949056556e-08
-2.865197555900658000e-06
1.214322026333738893e-03
-4.461013055823341719e-07
-3.538727077628284533e-06
