2.940062326246447810e+02
5.536226140000472640e+00
-1.703572947574476804e-01
5.325718173463724753e-02
-6.375749864561600479e-04
4.586574248548751676e-05
1.261830724029769108e-03
4.034423749236293322e-03
-3.163625278649942192e-04
-4.014824882418499738e-08
5.510786774739678773e-09
-6.843466461305646957e-07
-2.538931133531347677e-08
2.722447826150763425e-06
-2.449975707669568868e-06
-8.563080975532704879e-08
3.508758096732569117e-05
3.611475887816460510e-06
5.061533869843986263e-07
