3.231401890976330833e+02
5.850104062226692214e+00
-2.359919029134739318e-02
-1.194834525209446593e-02
-7.635542475082896354e-04
1.513338558560347203e-04
-7.637987634912229290e-04
4.709479870933634162e-03
1.421659825187183534e-04
-1.268943289924333755e-07
-4.621986421950419689e-08
3.548296637563374801e-07
-3.702793635999081432e-07
-2.030224902957584695e-06
-2.473726512379487446e-06
-1.286548003969723656e-07
1.892842069260132021e-04
3.516536381739700601e-06
-4.962018903668303652e-07
