2.083669382657406004e+03
-1.040057552577873801e-01
-5.851672786169710427e+00
7.725560882566684384e-02
-1.383395714240124013e-04
7.563755353489887666e-04
7.765755777307244232e-04
-3.670756616028156283e-04
-4.713797087062986634e-03
5.761935876543213201e-08
1.259437780797321855e-08
3.757357890920366670e-07
-1.926078761580371310e-07
2.324266284429612160e-06
1.556038620323563118e-07
2.289810818332897227e-06
-7.920012051871856782e-05
3.327458103475180897e-07
-3.535181191005021748e-06
